   0.0000000e+00   4.5403987e+00   7.0000000e+00
   6.0000000e-01   4.7550442e+00   7.0000000e+00
   1.2000000e+00   4.9902834e+00   7.0000000e+00
   1.8000000e+00   5.1432248e+00   5.0000000e+00
   2.4000000e+00   4.9658702e+00   5.0000000e+00
   3.0000000e+00   4.7249257e+00   5.0000000e+00
   3.6000000e+00   4.5231559e+00   7.0000000e+00
   4.2000000e+00   4.6593820e+00   7.0000000e+00
   4.8000000e+00   4.9100004e+00   7.0000000e+00
   5.4000000e+00   5.1025576e+00   5.0000000e+00
   6.0000000e+00   4.9471631e+00   7.0000000e+00
   6.6000000e+00   4.9904262e+00   7.0000000e+00
   7.2000000e+00   5.1194266e+00   5.0000000e+00
   7.8000000e+00   4.9523508e+00   5.0000000e+00
   8.4000000e+00   4.7392559e+00   5.0000000e+00
   9.0000000e+00   4.5129978e+00   7.0000000e+00
   9.6000000e+00   4.6991764e+00   5.0000000e+00
   1.0200000e+01   4.6470431e+00   5.0000000e+00
   1.0800000e+01   4.4947631e+00   7.0000000e+00
   1.1400000e+01   4.6178441e+00   7.0000000e+00
   1.2000000e+01   4.8717260e+00   5.0000000e+00
   1.2600000e+01   4.7854812e+00   7.0000000e+00
   1.3200000e+01   4.8696608e+00   5.0000000e+00
   1.3800000e+01   4.7633307e+00   7.0000000e+00
   1.4400000e+01   4.8725259e+00   5.0000000e+00
   1.5000000e+01   4.7692299e+00   5.0000000e+00
   1.5600000e+01   4.5484086e+00   5.0000000e+00
   1.6200000e+01   4.4222474e+00   7.0000000e+00
   1.6800000e+01   4.6193493e+00   5.0000000e+00
   1.7400000e+01   4.5561161e+00   5.0000000e+00
   1.8000000e+01   4.4268509e+00   5.0000000e+00
   1.8600000e+01   4.2960566e+00   5.0000000e+00
   1.9200000e+01   4.2481602e+00   7.0000000e+00
   1.9800000e+01   4.4657595e+00   5.0000000e+00
   2.0400000e+01   4.4747442e+00   7.0000000e+00
   2.1000000e+01   4.6490595e+00   5.0000000e+00
   2.1600000e+01   4.6072305e+00   7.0000000e+00
   2.2200000e+01   4.7585922e+00   7.0000000e+00
   2.2800000e+01   4.9639131e+00   7.0000000e+00
   2.3400000e+01   5.1263878e+00   5.0000000e+00
   2.4000000e+01   4.9512189e+00   5.0000000e+00
   2.4600000e+01   4.7256076e+00   5.0000000e+00
   2.5200000e+01   4.4882705e+00   5.0000000e+00
   2.5800000e+01   4.3885519e+00   7.0000000e+00
   2.6400000e+01   4.5979249e+00   5.0000000e+00
   2.7000000e+01   4.5432194e+00   7.0000000e+00
   2.7600000e+01   4.6881054e+00   7.0000000e+00
   2.8200000e+01   4.9395833e+00   5.0000000e+00
   2.8800000e+01   4.8111941e+00   7.0000000e+00
   2.9400000e+01   4.8922392e+00   5.0000000e+00
   3.0000000e+01   4.7990995e+00   7.0000000e+00
   3.0600000e+01   4.8715518e+00   5.0000000e+00
   3.1200000e+01   4.7713380e+00   7.0000000e+00
   3.1800000e+01   4.8608301e+00   7.0000000e+00
   3.2400000e+01   5.0315714e+00   7.0000000e+00
   3.3000000e+01   5.1933825e+00   7.0000000e+00
   3.3600000e+01   5.3025505e+00   7.0000000e+00
   3.4200000e+01   5.3800063e+00   5.0000000e+00
   3.4800000e+01   5.1512553e+00   7.0000000e+00
   3.5400000e+01   5.1427940e+00   5.0000000e+00
   3.6000000e+01   4.9830826e+00   5.0000000e+00
   3.6600000e+01   4.7215684e+00   5.0000000e+00
   3.7200000e+01   4.5195567e+00   5.0000000e+00
   3.7800000e+01   4.4035706e+00   5.0000000e+00
   3.8400000e+01   4.3093666e+00   5.0000000e+00
   3.9000000e+01   4.2011344e+00   5.0000000e+00
   3.9600000e+01   4.1610211e+00   5.0000000e+00
   4.0200000e+01   4.1184645e+00   7.0000000e+00
   4.0800000e+01   4.3591621e+00   5.0000000e+00
   4.1400000e+01   4.3994317e+00   7.0000000e+00
   4.2000000e+01   4.5794906e+00   5.0000000e+00
   4.2600000e+01   4.5534899e+00   7.0000000e+00
   4.3200000e+01   4.7062523e+00   5.0000000e+00
   4.3800000e+01   4.6551695e+00   7.0000000e+00
   4.4400000e+01   4.7747242e+00   5.0000000e+00
   4.5000000e+01   4.7193311e+00   7.0000000e+00
   4.5600000e+01   4.8136276e+00   5.0000000e+00
   4.6200000e+01   4.7411373e+00   5.0000000e+00
   4.6800000e+01   4.5148039e+00   5.0000000e+00
   4.7400000e+01   4.3829317e+00   5.0000000e+00
   4.8000000e+01   4.3015565e+00   7.0000000e+00
   4.8600000e+01   4.5186810e+00   5.0000000e+00
   4.9200000e+01   4.4992918e+00   7.0000000e+00
   4.9800000e+01   4.6512893e+00   7.0000000e+00
   5.0400000e+01   4.9024921e+00   7.0000000e+00
   5.1000000e+01   5.0820162e+00   7.0000000e+00
   5.1600000e+01   5.2288768e+00   5.0000000e+00
   5.2200000e+01   5.0064180e+00   5.0000000e+00
   5.2800000e+01   4.7467313e+00   5.0000000e+00
   5.3400000e+01   4.5748008e+00   7.0000000e+00
   5.4000000e+01   4.7078390e+00   5.0000000e+00
   5.4600000e+01   4.6545218e+00   7.0000000e+00
   5.5200000e+01   4.7931067e+00   7.0000000e+00
   5.5800000e+01   4.9901926e+00   5.0000000e+00
   5.6400000e+01   4.8538905e+00   7.0000000e+00
   5.7000000e+01   4.9197922e+00   7.0000000e+00
   5.7600000e+01   5.0993150e+00   7.0000000e+00
   5.8200000e+01   5.2629348e+00   5.0000000e+00
   5.8800000e+01   5.0319974e+00   5.0000000e+00
   5.9400000e+01   4.7547494e+00   7.0000000e+00
   6.0000000e+01   4.8510724e+00   7.0000000e+00
   6.0600000e+01   5.0629753e+00   5.0000000e+00
   6.1200000e+01   4.9126535e+00   7.0000000e+00
   6.1800000e+01   4.9587163e+00   5.0000000e+00
   6.2400000e+01   4.8394396e+00   5.0000000e+00
   6.3000000e+01   4.6124172e+00   7.0000000e+00
   6.3600000e+01   4.7572937e+00   5.0000000e+00
   6.4200000e+01   4.6581147e+00   7.0000000e+00
   6.4800000e+01   4.7698571e+00   5.0000000e+00
   6.5400000e+01   4.6896342e+00   5.0000000e+00
   6.6000000e+01   4.5619584e+00   7.0000000e+00
   6.6600000e+01   4.6764174e+00   7.0000000e+00
   6.7200000e+01   4.9107817e+00   5.0000000e+00
   6.7800000e+01   4.7996689e+00   5.0000000e+00
   6.8400000e+01   4.5737024e+00   5.0000000e+00
   6.9000000e+01   4.4530082e+00   5.0000000e+00
   6.9600000e+01   4.3247943e+00   7.0000000e+00
   7.0200000e+01   4.5438879e+00   5.0000000e+00
   7.0800000e+01   4.5006526e+00   7.0000000e+00
   7.1400000e+01   4.6666721e+00   5.0000000e+00
   7.2000000e+01   4.5935145e+00   5.0000000e+00
   7.2600000e+01   4.4679353e+00   7.0000000e+00
   7.3200000e+01   4.6501521e+00   7.0000000e+00
   7.3800000e+01   4.8914128e+00   7.0000000e+00
   7.4400000e+01   5.0679773e+00   5.0000000e+00
   7.5000000e+01   4.9305360e+00   5.0000000e+00
   7.5600000e+01   4.6861088e+00   7.0000000e+00
   7.6200000e+01   4.7892183e+00   7.0000000e+00
   7.6800000e+01   5.0137276e+00   5.0000000e+00
   7.7400000e+01   4.8586972e+00   5.0000000e+00
   7.8000000e+01   4.6378618e+00   5.0000000e+00
   7.8600000e+01   4.4680605e+00   5.0000000e+00
   7.9200000e+01   4.3342261e+00   5.0000000e+00
   7.9800000e+01   4.2724190e+00   5.0000000e+00
   8.0400000e+01   4.2057569e+00   7.0000000e+00
   8.1000000e+01   4.4253164e+00   7.0000000e+00
   8.1600000e+01   4.7422382e+00   5.0000000e+00
   8.2200000e+01   4.6542445e+00   7.0000000e+00
   8.2800000e+01   4.7867073e+00   5.0000000e+00
   8.3400000e+01   4.7224819e+00   7.0000000e+00
   8.4000000e+01   4.7927279e+00   5.0000000e+00
   8.4600000e+01   4.7245215e+00   7.0000000e+00
   8.5200000e+01   4.8234421e+00   5.0000000e+00
   8.5800000e+01   4.7408928e+00   7.0000000e+00
   8.6400000e+01   4.8524277e+00   7.0000000e+00
   8.7000000e+01   5.0425087e+00   5.0000000e+00
   8.7600000e+01   4.8819333e+00   5.0000000e+00
   8.8200000e+01   4.6699809e+00   7.0000000e+00
   8.8800000e+01   4.7458914e+00   7.0000000e+00
   8.9400000e+01   5.0023677e+00   5.0000000e+00
   9.0000000e+01   4.8699071e+00   5.0000000e+00
   9.0600000e+01   4.6363214e+00   7.0000000e+00
   9.1200000e+01   4.7833847e+00   7.0000000e+00
   9.1800000e+01   4.9738774e+00   5.0000000e+00
   9.2400000e+01   4.8719016e+00   7.0000000e+00
   9.3000000e+01   4.9296669e+00   5.0000000e+00
   9.3600000e+01   4.7906813e+00   7.0000000e+00
   9.4200000e+01   4.8829887e+00   7.0000000e+00
   9.4800000e+01   5.0601115e+00   5.0000000e+00
   9.5400000e+01   4.8947563e+00   5.0000000e+00
   9.6000000e+01   4.6860320e+00   5.0000000e+00
   9.6600000e+01   4.5049905e+00   5.0000000e+00
   9.7200000e+01   4.3589749e+00   5.0000000e+00
   9.7800000e+01   4.2747384e+00   7.0000000e+00
   9.8400000e+01   4.4832701e+00   5.0000000e+00
   9.9000000e+01   4.4719160e+00   7.0000000e+00
   9.9600000e+01   4.6482209e+00   7.0000000e+00
   1.0020000e+02   4.8927485e+00   5.0000000e+00
   1.0080000e+02   4.7912087e+00   5.0000000e+00
   1.0140000e+02   4.5811201e+00   5.0000000e+00
   1.0200000e+02   4.4199556e+00   7.0000000e+00
   1.0260000e+02   4.6157279e+00   7.0000000e+00
   1.0320000e+02   4.8844486e+00   7.0000000e+00
   1.0380000e+02   5.0541480e+00   7.0000000e+00
   1.0440000e+02   5.1868246e+00   5.0000000e+00
   1.0500000e+02   5.0211840e+00   7.0000000e+00
   1.0560000e+02   5.0359368e+00   7.0000000e+00
   1.0620000e+02   5.1581394e+00   7.0000000e+00
   1.0680000e+02   5.2802456e+00   5.0000000e+00
   1.0740000e+02   5.0608785e+00   5.0000000e+00
   1.0800000e+02   4.8185918e+00   7.0000000e+00
   1.0860000e+02   4.8813506e+00   5.0000000e+00
   1.0920000e+02   4.7801650e+00   5.0000000e+00
   1.0980000e+02   4.5758860e+00   7.0000000e+00
   1.1040000e+02   4.7187303e+00   7.0000000e+00
   1.1100000e+02   4.9525008e+00   5.0000000e+00
   1.1160000e+02   4.8331831e+00   7.0000000e+00
   1.1220000e+02   4.9072224e+00   7.0000000e+00
   1.1280000e+02   5.0537619e+00   7.0000000e+00
   1.1340000e+02   5.2111695e+00   5.0000000e+00
   1.1400000e+02   5.0476731e+00   7.0000000e+00
   1.1460000e+02   5.0681063e+00   5.0000000e+00
   1.1520000e+02   4.9113030e+00   7.0000000e+00
   1.1580000e+02   4.9595556e+00   7.0000000e+00
   1.1640000e+02   5.1449506e+00   5.0000000e+00
   1.1700000e+02   4.9296301e+00   5.0000000e+00
   1.1760000e+02   4.6844028e+00   7.0000000e+00
   1.1820000e+02   4.8121172e+00   5.0000000e+00
   1.1880000e+02   4.7287401e+00   5.0000000e+00
   1.1940000e+02   4.5141894e+00   5.0000000e+00
   1.2000000e+02   4.3858433e+00   5.0000000e+00
   1.2060000e+02   4.3137002e+00   7.0000000e+00
   1.2120000e+02   4.5061570e+00   5.0000000e+00
   1.2180000e+02   4.5256988e+00   5.0000000e+00
   1.2240000e+02   4.3614311e+00   5.0000000e+00
   1.2300000e+02   4.2779034e+00   7.0000000e+00
   1.2360000e+02   4.5358252e+00   5.0000000e+00
   1.2420000e+02   4.4799221e+00   7.0000000e+00
   1.2480000e+02   4.6649256e+00   5.0000000e+00
   1.2540000e+02   4.5915960e+00   7.0000000e+00
   1.2600000e+02   4.7489471e+00   5.0000000e+00
   1.2660000e+02   4.6737919e+00   5.0000000e+00
   1.2720000e+02   4.4848139e+00   5.0000000e+00
   1.2780000e+02   4.3722968e+00   7.0000000e+00
   1.2840000e+02   4.5456623e+00   7.0000000e+00
   1.2900000e+02   4.8336290e+00   5.0000000e+00
   1.2960000e+02   4.7422680e+00   5.0000000e+00
   1.3020000e+02   4.5421911e+00   7.0000000e+00
   1.3080000e+02   4.7017235e+00   7.0000000e+00
   1.3140000e+02   4.9503080e+00   5.0000000e+00
   1.3200000e+02   4.8205535e+00   5.0000000e+00
   1.3260000e+02   4.6343430e+00   5.0000000e+00
   1.3320000e+02   4.4596922e+00   7.0000000e+00
   1.3380000e+02   4.6466491e+00   5.0000000e+00
   1.3440000e+02   4.5866297e+00   5.0000000e+00
   1.3500000e+02   4.4270310e+00   5.0000000e+00
   1.3560000e+02   4.3283264e+00   7.0000000e+00
   1.3620000e+02   4.5308529e+00   5.0000000e+00
   1.3680000e+02   4.5013227e+00   5.0000000e+00
   1.3740000e+02   4.3713329e+00   5.0000000e+00
   1.3800000e+02   4.3121013e+00   7.0000000e+00
   1.3860000e+02   4.5090638e+00   7.0000000e+00
   1.3920000e+02   4.7685372e+00   5.0000000e+00
   1.3980000e+02   4.7139338e+00   5.0000000e+00
   1.4040000e+02   4.5455833e+00   5.0000000e+00
   1.4100000e+02   4.4000861e+00   7.0000000e+00
   1.4160000e+02   4.5669239e+00   5.0000000e+00
   1.4220000e+02   4.5398108e+00   7.0000000e+00
   1.4280000e+02   4.6881554e+00   5.0000000e+00
   1.4340000e+02   4.6507201e+00   7.0000000e+00
   1.4400000e+02   4.7548735e+00   7.0000000e+00
   1.4460000e+02   4.9630718e+00   5.0000000e+00
   1.4520000e+02   4.8475048e+00   5.0000000e+00
   1.4580000e+02   4.6312555e+00   5.0000000e+00
   1.4640000e+02   4.4947773e+00   7.0000000e+00
   1.4700000e+02   4.6410028e+00   5.0000000e+00
   1.4760000e+02   4.5925274e+00   7.0000000e+00
   1.4820000e+02   4.7277027e+00   7.0000000e+00
   1.4880000e+02   4.9538058e+00   7.0000000e+00
   1.4940000e+02   5.0973337e+00   7.0000000e+00
   1.5000000e+02   5.2397326e+00   7.0000000e+00
   1.5060000e+02   5.3165286e+00   5.0000000e+00
   1.5120000e+02   5.1239446e+00   5.0000000e+00
   1.5180000e+02   4.8551129e+00   5.0000000e+00
   1.5240000e+02   4.5968605e+00   5.0000000e+00
   1.5300000e+02   4.4572292e+00   7.0000000e+00
   1.5360000e+02   4.6424895e+00   5.0000000e+00
   1.5420000e+02   4.5779169e+00   5.0000000e+00
   1.5480000e+02   4.4333123e+00   7.0000000e+00
   1.5540000e+02   4.6264207e+00   5.0000000e+00
   1.5600000e+02   4.5462309e+00   5.0000000e+00
   1.5660000e+02   4.4306999e+00   5.0000000e+00
   1.5720000e+02   4.3310120e+00   7.0000000e+00
   1.5780000e+02   4.5340953e+00   7.0000000e+00
   1.5840000e+02   4.7995858e+00   7.0000000e+00
   1.5900000e+02   5.0140546e+00   7.0000000e+00
   1.5960000e+02   5.1594388e+00   5.0000000e+00
   1.6020000e+02   4.9638098e+00   5.0000000e+00
   1.6080000e+02   4.7298934e+00   7.0000000e+00
   1.6140000e+02   4.8194249e+00   7.0000000e+00
   1.6200000e+02   5.0353677e+00   7.0000000e+00
   1.6260000e+02   5.1794936e+00   5.0000000e+00
   1.6320000e+02   4.9964841e+00   7.0000000e+00
   1.6380000e+02   5.0347046e+00   7.0000000e+00
   1.6440000e+02   5.1950407e+00   5.0000000e+00
   1.6500000e+02   5.0144604e+00   7.0000000e+00
   1.6560000e+02   5.0036391e+00   5.0000000e+00
   1.6620000e+02   4.8769508e+00   7.0000000e+00
   1.6680000e+02   4.9287456e+00   7.0000000e+00
   1.6740000e+02   5.1005217e+00   5.0000000e+00
   1.6800000e+02   4.9338549e+00   7.0000000e+00
   1.6860000e+02   5.0270795e+00   5.0000000e+00
   1.6920000e+02   4.8574337e+00   5.0000000e+00
   1.6980000e+02   4.6211879e+00   7.0000000e+00
   1.7040000e+02   4.7533826e+00   7.0000000e+00
   1.7100000e+02   4.9793297e+00   5.0000000e+00
   1.7160000e+02   4.8471904e+00   5.0000000e+00
   1.7220000e+02   4.6290502e+00   7.0000000e+00
   1.7280000e+02   4.7648346e+00   5.0000000e+00
   1.7340000e+02   4.6921672e+00   7.0000000e+00
   1.7400000e+02   4.7942299e+00   7.0000000e+00
   1.7460000e+02   5.0208133e+00   7.0000000e+00
   1.7520000e+02   5.1625159e+00   5.0000000e+00
   1.7580000e+02   4.9644017e+00   7.0000000e+00
   1.7640000e+02   5.0415430e+00   7.0000000e+00
   1.7700000e+02   5.1809632e+00   7.0000000e+00
   1.7760000e+02   5.2876260e+00   5.0000000e+00
   1.7820000e+02   5.0822545e+00   7.0000000e+00
   1.7880000e+02   5.0834006e+00   5.0000000e+00
   1.7940000e+02   4.9404561e+00   5.0000000e+00
   1.8000000e+02   4.7098812e+00   7.0000000e+00
   1.8060000e+02   4.7988535e+00   5.0000000e+00
   1.8120000e+02   4.7222019e+00   7.0000000e+00
   1.8180000e+02   4.8304095e+00   7.0000000e+00
   1.8240000e+02   5.0123058e+00   5.0000000e+00
   1.8300000e+02   4.8758606e+00   7.0000000e+00
   1.8360000e+02   4.9414846e+00   5.0000000e+00
   1.8420000e+02   4.8409995e+00   5.0000000e+00
   1.8480000e+02   4.6023000e+00   5.0000000e+00
   1.8540000e+02   4.4570082e+00   7.0000000e+00
   1.8600000e+02   4.5979443e+00   5.0000000e+00
   1.8660000e+02   4.5951198e+00   7.0000000e+00
   1.8720000e+02   4.7320435e+00   7.0000000e+00
   1.8780000e+02   4.9594172e+00   5.0000000e+00
   1.8840000e+02   4.8303319e+00   5.0000000e+00
   1.8900000e+02   4.6180259e+00   7.0000000e+00
   1.8960000e+02   4.7313855e+00   7.0000000e+00
   1.9020000e+02   4.9518887e+00   7.0000000e+00
   1.9080000e+02   5.1419722e+00   5.0000000e+00
   1.9140000e+02   4.9542234e+00   7.0000000e+00
   1.9200000e+02   5.0097513e+00   5.0000000e+00
   1.9260000e+02   4.8771557e+00   5.0000000e+00
   1.9320000e+02   4.6443993e+00   7.0000000e+00
   1.9380000e+02   4.7813071e+00   7.0000000e+00
   1.9440000e+02   4.9727581e+00   7.0000000e+00
   1.9500000e+02   5.1387422e+00   7.0000000e+00
   1.9560000e+02   5.2793153e+00   7.0000000e+00
   1.9620000e+02   5.3687164e+00   7.0000000e+00
   1.9680000e+02   5.4148933e+00   5.0000000e+00
   1.9740000e+02   5.1631121e+00   7.0000000e+00
   1.9800000e+02   5.1871419e+00   5.0000000e+00
   1.9860000e+02   4.9648317e+00   7.0000000e+00
   1.9920000e+02   5.0242904e+00   7.0000000e+00
   1.9980000e+02   5.1584701e+00   5.0000000e+00
   2.0040000e+02   4.9880596e+00   7.0000000e+00
   2.0100000e+02   5.0153039e+00   7.0000000e+00
   2.0160000e+02   5.1814465e+00   5.0000000e+00
   2.0220000e+02   4.9806654e+00   7.0000000e+00
   2.0280000e+02   5.0163132e+00   5.0000000e+00
   2.0340000e+02   4.8665056e+00   5.0000000e+00
   2.0400000e+02   4.6785734e+00   5.0000000e+00
   2.0460000e+02   4.4894404e+00   5.0000000e+00
   2.0520000e+02   4.3557151e+00   5.0000000e+00
   2.0580000e+02   4.2799226e+00   7.0000000e+00
   2.0640000e+02   4.4780782e+00   5.0000000e+00
   2.0700000e+02   4.5108784e+00   5.0000000e+00
   2.0760000e+02   4.3689301e+00   5.0000000e+00
   2.0820000e+02   4.2743888e+00   5.0000000e+00
   2.0880000e+02   4.1823352e+00   7.0000000e+00
   2.0940000e+02   4.4200480e+00   7.0000000e+00
   2.1000000e+02   4.7442654e+00   7.0000000e+00
   2.1060000e+02   4.9696284e+00   5.0000000e+00
   2.1120000e+02   4.8320521e+00   5.0000000e+00
   2.1180000e+02   4.5957658e+00   7.0000000e+00
   2.1240000e+02   4.7487867e+00   7.0000000e+00
   2.1300000e+02   4.9903263e+00   7.0000000e+00
   2.1360000e+02   5.1324909e+00   5.0000000e+00
   2.1420000e+02   4.9879232e+00   5.0000000e+00
   2.1480000e+02   4.7370211e+00   7.0000000e+00
   2.1540000e+02   4.8162026e+00   5.0000000e+00
   2.1600000e+02   4.7046671e+00   5.0000000e+00
   2.1660000e+02   4.5477818e+00   5.0000000e+00
   2.1720000e+02   4.3965099e+00   7.0000000e+00
   2.1780000e+02   4.6166123e+00   5.0000000e+00
   2.1840000e+02   4.5681511e+00   5.0000000e+00
   2.1900000e+02   4.4246445e+00   7.0000000e+00
   2.1960000e+02   4.5813801e+00   7.0000000e+00
   2.2020000e+02   4.8803481e+00   7.0000000e+00
   2.2080000e+02   5.0466769e+00   7.0000000e+00
   2.2140000e+02   5.1726950e+00   5.0000000e+00
   2.2200000e+02   5.0119631e+00   5.0000000e+00
   2.2260000e+02   4.7809828e+00   5.0000000e+00
   2.2320000e+02   4.5571031e+00   5.0000000e+00
   2.2380000e+02   4.4101692e+00   7.0000000e+00
   2.2440000e+02   4.5969939e+00   7.0000000e+00
   2.2500000e+02   4.8574815e+00   5.0000000e+00
   2.2560000e+02   4.7720574e+00   7.0000000e+00
   2.2620000e+02   4.8594013e+00   7.0000000e+00
   2.2680000e+02   5.0336683e+00   5.0000000e+00
   2.2740000e+02   4.9052426e+00   5.0000000e+00
   2.2800000e+02   4.6831974e+00   5.0000000e+00
   2.2860000e+02   4.4919876e+00   7.0000000e+00
   2.2920000e+02   4.6379027e+00   7.0000000e+00
   2.2980000e+02   4.8812644e+00   5.0000000e+00
   2.3040000e+02   4.7888311e+00   7.0000000e+00
   2.3100000e+02   4.8696008e+00   5.0000000e+00
   2.3160000e+02   4.7799113e+00   5.0000000e+00
   2.3220000e+02   4.5667527e+00   7.0000000e+00
   2.3280000e+02   4.7042092e+00   7.0000000e+00
   2.3340000e+02   4.9389743e+00   7.0000000e+00
   2.3400000e+02   5.1272986e+00   5.0000000e+00
   2.3460000e+02   4.9457453e+00   7.0000000e+00
   2.3520000e+02   5.0086372e+00   7.0000000e+00
   2.3580000e+02   5.1568585e+00   7.0000000e+00
   2.3640000e+02   5.2729542e+00   7.0000000e+00
   2.3700000e+02   5.3328126e+00   5.0000000e+00
   2.3760000e+02   5.1375580e+00   5.0000000e+00
   2.3820000e+02   4.8315770e+00   7.0000000e+00
   2.3880000e+02   4.9146622e+00   5.0000000e+00
   2.3940000e+02   4.8299978e+00   5.0000000e+00
   2.4000000e+02   4.5914411e+00   5.0000000e+00
   2.4060000e+02   4.4285934e+00   5.0000000e+00
   2.4120000e+02   4.3203915e+00   5.0000000e+00
   2.4180000e+02   4.2336730e+00   5.0000000e+00
   2.4240000e+02   4.1857236e+00   5.0000000e+00
   2.4300000e+02   4.1097422e+00   7.0000000e+00
   2.4360000e+02   4.3597694e+00   7.0000000e+00
   2.4420000e+02   4.7163408e+00   5.0000000e+00
   2.4480000e+02   4.6503673e+00   5.0000000e+00
   2.4540000e+02   4.4870132e+00   5.0000000e+00
   2.4600000e+02   4.3514805e+00   7.0000000e+00
   2.4660000e+02   4.5387705e+00   7.0000000e+00
   2.4720000e+02   4.8044972e+00   7.0000000e+00
   2.4780000e+02   5.0282948e+00   5.0000000e+00
   2.4840000e+02   4.9094617e+00   5.0000000e+00
   2.4900000e+02   4.6563660e+00   7.0000000e+00
   2.4960000e+02   4.7609368e+00   5.0000000e+00
   2.5020000e+02   4.6640712e+00   7.0000000e+00
   2.5080000e+02   4.7936594e+00   5.0000000e+00
   2.5140000e+02   4.7261298e+00   7.0000000e+00
   2.5200000e+02   4.8357232e+00   7.0000000e+00
   2.5260000e+02   5.0123001e+00   5.0000000e+00
   2.5320000e+02   4.8886534e+00   7.0000000e+00
   2.5380000e+02   4.9258444e+00   5.0000000e+00
   2.5440000e+02   4.8290300e+00   7.0000000e+00
   2.5500000e+02   4.8815840e+00   7.0000000e+00
   2.5560000e+02   5.0843882e+00   7.0000000e+00
   2.5620000e+02   5.2081325e+00   7.0000000e+00
   2.5680000e+02   5.3245691e+00   5.0000000e+00
   2.5740000e+02   5.0848566e+00   7.0000000e+00
   2.5800000e+02   5.1303686e+00   7.0000000e+00
   2.5860000e+02   5.2286767e+00   7.0000000e+00
   2.5920000e+02   5.3384043e+00   7.0000000e+00
   2.5980000e+02   5.3849777e+00   5.0000000e+00
   2.6040000e+02   5.1726717e+00   7.0000000e+00
   2.6100000e+02   5.1479552e+00   7.0000000e+00
   2.6160000e+02   5.2778558e+00   5.0000000e+00
   2.6220000e+02   5.0668248e+00   7.0000000e+00
   2.6280000e+02   5.0770080e+00   5.0000000e+00
   2.6340000e+02   4.9330505e+00   5.0000000e+00
   2.6400000e+02   4.6966714e+00   7.0000000e+00
   2.6460000e+02   4.8046217e+00   5.0000000e+00
   2.6520000e+02   4.7166717e+00   5.0000000e+00
   2.6580000e+02   4.5309924e+00   5.0000000e+00
   2.6640000e+02   4.3900638e+00   5.0000000e+00
   2.6700000e+02   4.2652918e+00   5.0000000e+00
   2.6760000e+02   4.2430814e+00   7.0000000e+00
   2.6820000e+02   4.4570979e+00   5.0000000e+00
   2.6880000e+02   4.4447783e+00   7.0000000e+00
   2.6940000e+02   4.6279917e+00   5.0000000e+00
   2.7000000e+02   4.5866842e+00   5.0000000e+00
   2.7060000e+02   4.4443659e+00   5.0000000e+00
   2.7120000e+02   4.3268100e+00   7.0000000e+00
   2.7180000e+02   4.5390954e+00   7.0000000e+00
   2.7240000e+02   4.7698934e+00   7.0000000e+00
   2.7300000e+02   5.0287945e+00   5.0000000e+00
   2.7360000e+02   4.8452758e+00   7.0000000e+00
   2.7420000e+02   4.9230916e+00   5.0000000e+00
   2.7480000e+02   4.8273500e+00   5.0000000e+00
   2.7540000e+02   4.6304190e+00   5.0000000e+00
   2.7600000e+02   4.4607845e+00   7.0000000e+00
   2.7660000e+02   4.6154654e+00   7.0000000e+00
   2.7720000e+02   4.8681512e+00   5.0000000e+00
   2.7780000e+02   4.7832015e+00   7.0000000e+00
   2.7840000e+02   4.8369811e+00   7.0000000e+00
   2.7900000e+02   5.0530404e+00   7.0000000e+00
   2.7960000e+02   5.1933283e+00   7.0000000e+00
   2.8020000e+02   5.3155326e+00   5.0000000e+00
   2.8080000e+02   5.0907975e+00   5.0000000e+00
   2.8140000e+02   4.8337762e+00   5.0000000e+00
   2.8200000e+02   4.6080469e+00   5.0000000e+00
   2.8260000e+02   4.4487833e+00   5.0000000e+00
   2.8320000e+02   4.3072658e+00   7.0000000e+00
   2.8380000e+02   4.5604566e+00   5.0000000e+00
   2.8440000e+02   4.5056177e+00   5.0000000e+00
   2.8500000e+02   4.3764207e+00   7.0000000e+00
   2.8560000e+02   4.5711849e+00   5.0000000e+00
   2.8620000e+02   4.5506492e+00   7.0000000e+00
   2.8680000e+02   4.7035168e+00   5.0000000e+00
   2.8740000e+02   4.6516454e+00   7.0000000e+00
   2.8800000e+02   4.7572703e+00   5.0000000e+00
   2.8860000e+02   4.6953740e+00   7.0000000e+00
   2.8920000e+02   4.8057157e+00   7.0000000e+00
   2.8980000e+02   4.9989838e+00   7.0000000e+00
   2.9040000e+02   5.1590219e+00   5.0000000e+00
   2.9100000e+02   4.9690408e+00   7.0000000e+00
   2.9160000e+02   5.0415317e+00   5.0000000e+00
   2.9220000e+02   4.8772527e+00   5.0000000e+00
   2.9280000e+02   4.6390673e+00   5.0000000e+00
   2.9340000e+02   4.4867882e+00   5.0000000e+00
   2.9400000e+02   4.3285438e+00   7.0000000e+00
   2.9460000e+02   4.5375491e+00   5.0000000e+00
   2.9520000e+02   4.5543777e+00   5.0000000e+00
   2.9580000e+02   4.3915935e+00   7.0000000e+00
   2.9640000e+02   4.5856676e+00   7.0000000e+00
   2.9700000e+02   4.8133110e+00   5.0000000e+00
   2.9760000e+02   4.7370569e+00   5.0000000e+00
   2.9820000e+02   4.5489716e+00   5.0000000e+00
   2.9880000e+02   4.4348224e+00   7.0000000e+00
   2.9940000e+02   4.5785922e+00   7.0000000e+00
   3.0000000e+02   4.8583960e+00   5.0000000e+00
   3.0060000e+02   4.7435276e+00   5.0000000e+00
   3.0120000e+02   4.5693920e+00   5.0000000e+00
   3.0180000e+02   4.4145668e+00   5.0000000e+00
   3.0240000e+02   4.2962668e+00   5.0000000e+00
   3.0300000e+02   4.2100876e+00   7.0000000e+00
   3.0360000e+02   4.4641198e+00   7.0000000e+00
   3.0420000e+02   4.7339668e+00   7.0000000e+00
   3.0480000e+02   4.9832252e+00   7.0000000e+00
   3.0540000e+02   5.1312277e+00   7.0000000e+00
   3.0600000e+02   5.2406700e+00   5.0000000e+00
   3.0660000e+02   5.0750608e+00   5.0000000e+00
   3.0720000e+02   4.7768490e+00   5.0000000e+00
   3.0780000e+02   4.5712296e+00   7.0000000e+00
   3.0840000e+02   4.7022818e+00   7.0000000e+00
   3.0900000e+02   4.9271401e+00   5.0000000e+00
   3.0960000e+02   4.8135051e+00   7.0000000e+00
   3.1020000e+02   4.8907738e+00   7.0000000e+00
   3.1080000e+02   5.0789000e+00   5.0000000e+00
   3.1140000e+02   4.9093486e+00   7.0000000e+00
   3.1200000e+02   4.9734874e+00   5.0000000e+00
   3.1260000e+02   4.8675332e+00   7.0000000e+00
   3.1320000e+02   4.9212658e+00   5.0000000e+00
   3.1380000e+02   4.7927865e+00   5.0000000e+00
   3.1440000e+02   4.5887790e+00   7.0000000e+00
   3.1500000e+02   4.7272150e+00   7.0000000e+00
   3.1560000e+02   4.9763088e+00   5.0000000e+00
   3.1620000e+02   4.8490743e+00   7.0000000e+00
   3.1680000e+02   4.8842465e+00   5.0000000e+00
   3.1740000e+02   4.8000860e+00   5.0000000e+00
   3.1800000e+02   4.5868857e+00   5.0000000e+00
   3.1860000e+02   4.4368023e+00   5.0000000e+00
   3.1920000e+02   4.3194158e+00   7.0000000e+00
   3.1980000e+02   4.5151004e+00   7.0000000e+00
   3.2040000e+02   4.8055903e+00   5.0000000e+00
   3.2100000e+02   4.7369759e+00   7.0000000e+00
   3.2160000e+02   4.8194632e+00   5.0000000e+00
   3.2220000e+02   4.7304160e+00   5.0000000e+00
   3.2280000e+02   4.5514159e+00   5.0000000e+00
   3.2340000e+02   4.3982467e+00   7.0000000e+00
   3.2400000e+02   4.5743001e+00   7.0000000e+00
   3.2460000e+02   4.8601169e+00   7.0000000e+00
   3.2520000e+02   5.0218777e+00   7.0000000e+00
   3.2580000e+02   5.2010430e+00   7.0000000e+00
   3.2640000e+02   5.2891553e+00   5.0000000e+00
   3.2700000e+02   5.0783884e+00   7.0000000e+00
   3.2760000e+02   5.0665343e+00   5.0000000e+00
   3.2820000e+02   4.9118928e+00   7.0000000e+00
   3.2880000e+02   4.9750851e+00   5.0000000e+00
   3.2940000e+02   4.8533048e+00   5.0000000e+00
   3.3000000e+02   4.6372594e+00   7.0000000e+00
   3.3060000e+02   4.7787834e+00   5.0000000e+00
   3.3120000e+02   4.6891497e+00   5.0000000e+00
   3.3180000e+02   4.5150772e+00   7.0000000e+00
   3.3240000e+02   4.6765611e+00   7.0000000e+00
   3.3300000e+02   4.9238741e+00   5.0000000e+00
   3.3360000e+02   4.8118215e+00   5.0000000e+00
   3.3420000e+02   4.5822728e+00   7.0000000e+00
   3.3480000e+02   4.7080484e+00   7.0000000e+00
   3.3540000e+02   4.9432030e+00   7.0000000e+00
   3.3600000e+02   5.1210593e+00   7.0000000e+00
   3.3660000e+02   5.2499542e+00   5.0000000e+00
   3.3720000e+02   5.0321703e+00   5.0000000e+00
   3.3780000e+02   4.7881405e+00   7.0000000e+00
   3.3840000e+02   4.8631850e+00   5.0000000e+00
   3.3900000e+02   4.7626209e+00   7.0000000e+00
   3.3960000e+02   4.8581657e+00   5.0000000e+00
   3.4020000e+02   4.7682536e+00   5.0000000e+00
   3.4080000e+02   4.5473676e+00   7.0000000e+00
   3.4140000e+02   4.6800884e+00   5.0000000e+00
   3.4200000e+02   4.6490901e+00   5.0000000e+00
   3.4260000e+02   4.4770488e+00   5.0000000e+00
   3.4320000e+02   4.3575884e+00   7.0000000e+00
   3.4380000e+02   4.5421400e+00   5.0000000e+00
   3.4440000e+02   4.5347724e+00   7.0000000e+00
   3.4500000e+02   4.7140462e+00   7.0000000e+00
   3.4560000e+02   4.9452525e+00   7.0000000e+00
   3.4620000e+02   5.0825182e+00   5.0000000e+00
   3.4680000e+02   4.9476229e+00   7.0000000e+00
   3.4740000e+02   4.9765360e+00   5.0000000e+00
   3.4800000e+02   4.8507330e+00   7.0000000e+00
   3.4860000e+02   4.9250031e+00   5.0000000e+00
   3.4920000e+02   4.8122068e+00   5.0000000e+00
   3.4980000e+02   4.5957513e+00   5.0000000e+00
   3.5040000e+02   4.4543200e+00   5.0000000e+00
   3.5100000e+02   4.3390249e+00   5.0000000e+00
   3.5160000e+02   4.2702589e+00   5.0000000e+00
   3.5220000e+02   4.1776911e+00   7.0000000e+00
   3.5280000e+02   4.4289197e+00   5.0000000e+00
   3.5340000e+02   4.4576175e+00   7.0000000e+00
   3.5400000e+02   4.6286505e+00   7.0000000e+00
   3.5460000e+02   4.8564859e+00   7.0000000e+00
   3.5520000e+02   5.0522800e+00   5.0000000e+00
   3.5580000e+02   4.9110423e+00   5.0000000e+00
   3.5640000e+02   4.6504735e+00   5.0000000e+00
   3.5700000e+02   4.4999141e+00   7.0000000e+00
   3.5760000e+02   4.6630874e+00   7.0000000e+00
   3.5820000e+02   4.8927744e+00   5.0000000e+00
   3.5880000e+02   4.7874583e+00   5.0000000e+00
   3.5940000e+02   4.5770143e+00   7.0000000e+00
   3.6000000e+02   4.7090290e+00   5.0000000e+00
   3.6060000e+02   4.6684371e+00   5.0000000e+00
   3.6120000e+02   4.4779050e+00   5.0000000e+00
   3.6180000e+02   4.3455474e+00   7.0000000e+00
   3.6240000e+02   4.5554945e+00   7.0000000e+00
   3.6300000e+02   4.8294328e+00   5.0000000e+00
   3.6360000e+02   4.7753032e+00   7.0000000e+00
   3.6420000e+02   4.8292788e+00   5.0000000e+00
   3.6480000e+02   4.7489335e+00   7.0000000e+00
   3.6540000e+02   4.8563498e+00   7.0000000e+00
   3.6600000e+02   5.0485053e+00   7.0000000e+00
   3.6660000e+02   5.1878985e+00   5.0000000e+00
   3.6720000e+02   4.9927046e+00   5.0000000e+00
   3.6780000e+02   4.7534472e+00   7.0000000e+00
   3.6840000e+02   4.8359551e+00   5.0000000e+00
   3.6900000e+02   4.7356795e+00   7.0000000e+00
   3.6960000e+02   4.8474509e+00   7.0000000e+00
   3.7020000e+02   5.0095862e+00   7.0000000e+00
   3.7080000e+02   5.2016112e+00   7.0000000e+00
   3.7140000e+02   5.2862106e+00   7.0000000e+00
   3.7200000e+02   5.3912954e+00   7.0000000e+00
   3.7260000e+02   5.4331353e+00   5.0000000e+00
   3.7320000e+02   5.1871565e+00   5.0000000e+00
   3.7380000e+02   4.8958910e+00   7.0000000e+00
   3.7440000e+02   4.9413233e+00   7.0000000e+00
   3.7500000e+02   5.1148298e+00   5.0000000e+00
   3.7560000e+02   4.9320986e+00   7.0000000e+00
   3.7620000e+02   5.0168559e+00   7.0000000e+00
   3.7680000e+02   5.1328433e+00   5.0000000e+00
   3.7740000e+02   4.9935967e+00   7.0000000e+00
   3.7800000e+02   4.9963919e+00   7.0000000e+00
   3.7860000e+02   5.1547043e+00   7.0000000e+00
   3.7920000e+02   5.2757528e+00   5.0000000e+00
   3.7980000e+02   5.0707044e+00   7.0000000e+00
   3.8040000e+02   5.0691486e+00   7.0000000e+00
   3.8100000e+02   5.2572485e+00   7.0000000e+00
   3.8160000e+02   5.3223296e+00   7.0000000e+00
   3.8220000e+02   5.3895620e+00   7.0000000e+00
   3.8280000e+02   5.4605605e+00   5.0000000e+00
   3.8340000e+02   5.2042585e+00   7.0000000e+00
   3.8400000e+02   5.1614325e+00   7.0000000e+00
   3.8460000e+02   5.2704747e+00   5.0000000e+00
   3.8520000e+02   5.0718326e+00   5.0000000e+00
   3.8580000e+02   4.7855703e+00   7.0000000e+00
   3.8640000e+02   4.8729682e+00   5.0000000e+00
   3.8700000e+02   4.7811139e+00   5.0000000e+00
   3.8760000e+02   4.5590695e+00   7.0000000e+00
   3.8820000e+02   4.7382211e+00   5.0000000e+00
   3.8880000e+02   4.6693598e+00   7.0000000e+00
   3.8940000e+02   4.8093403e+00   7.0000000e+00
   3.9000000e+02   4.9782889e+00   5.0000000e+00
   3.9060000e+02   4.8535077e+00   5.0000000e+00
   3.9120000e+02   4.6415836e+00   5.0000000e+00
   3.9180000e+02   4.4641962e+00   5.0000000e+00
   3.9240000e+02   4.3292181e+00   7.0000000e+00
   3.9300000e+02   4.5477324e+00   7.0000000e+00
   3.9360000e+02   4.8272290e+00   5.0000000e+00
   3.9420000e+02   4.7388624e+00   5.0000000e+00
   3.9480000e+02   4.5565566e+00   7.0000000e+00
   3.9540000e+02   4.6829838e+00   5.0000000e+00
   3.9600000e+02   4.6285050e+00   7.0000000e+00
   3.9660000e+02   4.7501234e+00   5.0000000e+00
   3.9720000e+02   4.6894960e+00   7.0000000e+00
   3.9780000e+02   4.7946224e+00   5.0000000e+00
   3.9840000e+02   4.7249947e+00   5.0000000e+00
   3.9900000e+02   4.5210331e+00   7.0000000e+00
   3.9960000e+02   4.7074125e+00   7.0000000e+00
   4.0020000e+02   4.9060692e+00   7.0000000e+00
   4.0080000e+02   5.0687306e+00   7.0000000e+00
   4.0140000e+02   5.2466220e+00   5.0000000e+00
   4.0200000e+02   5.0256478e+00   7.0000000e+00
   4.0260000e+02   5.0681923e+00   5.0000000e+00
   4.0320000e+02   4.9138513e+00   5.0000000e+00
   4.0380000e+02   4.6610110e+00   5.0000000e+00
   4.0440000e+02   4.4973402e+00   7.0000000e+00
   4.0500000e+02   4.6652564e+00   5.0000000e+00
   4.0560000e+02   4.6141175e+00   5.0000000e+00
   4.0620000e+02   4.4559333e+00   7.0000000e+00
   4.0680000e+02   4.6200432e+00   5.0000000e+00
   4.0740000e+02   4.5737342e+00   7.0000000e+00
   4.0800000e+02   4.6928699e+00   7.0000000e+00
   4.0860000e+02   4.9566905e+00   7.0000000e+00
   4.0920000e+02   5.1226920e+00   5.0000000e+00
   4.0980000e+02   4.9692833e+00   5.0000000e+00
   4.1040000e+02   4.7196535e+00   7.0000000e+00
   4.1100000e+02   4.7896705e+00   7.0000000e+00
   4.1160000e+02   5.0378507e+00   7.0000000e+00
   4.1220000e+02   5.1797265e+00   7.0000000e+00
   4.1280000e+02   5.2866032e+00   5.0000000e+00
   4.1340000e+02   5.0730224e+00   7.0000000e+00
   4.1400000e+02   5.0846519e+00   7.0000000e+00
   4.1460000e+02   5.2009494e+00   5.0000000e+00
   4.1520000e+02   5.0271689e+00   5.0000000e+00
   4.1580000e+02   4.7369109e+00   5.0000000e+00
   4.1640000e+02   4.5498513e+00   5.0000000e+00
   4.1700000e+02   4.4018579e+00   5.0000000e+00
   4.1760000e+02   4.2896699e+00   5.0000000e+00
   4.1820000e+02   4.2279959e+00   5.0000000e+00
   4.1880000e+02   4.1806061e+00   7.0000000e+00
   4.1940000e+02   4.4104535e+00   5.0000000e+00
   4.2000000e+02   4.4411531e+00   5.0000000e+00
   4.2060000e+02   4.3131937e+00   5.0000000e+00
   4.2120000e+02   4.2608311e+00   7.0000000e+00
   4.2180000e+02   4.4617831e+00   7.0000000e+00
   4.2240000e+02   4.7496781e+00   7.0000000e+00
   4.2300000e+02   4.9453079e+00   5.0000000e+00
   4.2360000e+02   4.8441345e+00   5.0000000e+00
   4.2420000e+02   4.6283295e+00   5.0000000e+00
   4.2480000e+02   4.4967287e+00   5.0000000e+00
   4.2540000e+02   4.3153908e+00   7.0000000e+00
   4.2600000e+02   4.5500193e+00   7.0000000e+00
   4.2660000e+02   4.8062962e+00   7.0000000e+00
   4.2720000e+02   5.0220811e+00   7.0000000e+00
   4.2780000e+02   5.1485559e+00   7.0000000e+00
   4.2840000e+02   5.2355818e+00   7.0000000e+00
   4.2900000e+02   5.3528898e+00   5.0000000e+00
   4.2960000e+02   5.1162823e+00   5.0000000e+00
   4.3020000e+02   4.8528576e+00   5.0000000e+00
   4.3080000e+02   4.6187789e+00   7.0000000e+00
   4.3140000e+02   4.7500931e+00   5.0000000e+00
   4.3200000e+02   4.7049956e+00   5.0000000e+00
   4.3260000e+02   4.4928428e+00   7.0000000e+00
   4.3320000e+02   4.6612863e+00   5.0000000e+00
   4.3380000e+02   4.6052171e+00   5.0000000e+00
   4.3440000e+02   4.4697578e+00   7.0000000e+00
   4.3500000e+02   4.6315655e+00   7.0000000e+00
   4.3560000e+02   4.8918801e+00   7.0000000e+00
   4.3620000e+02   5.0622779e+00   5.0000000e+00
   4.3680000e+02   4.9308277e+00   7.0000000e+00
   4.3740000e+02   4.9864057e+00   5.0000000e+00
   4.3800000e+02   4.8237618e+00   7.0000000e+00
   4.3860000e+02   4.9083457e+00   7.0000000e+00
   4.3920000e+02   5.0937495e+00   7.0000000e+00
   4.3980000e+02   5.2136531e+00   5.0000000e+00
   4.4040000e+02   5.0401686e+00   7.0000000e+00
   4.4100000e+02   5.0722939e+00   7.0000000e+00
   4.4160000e+02   5.1699633e+00   5.0000000e+00
   4.4220000e+02   5.0022923e+00   5.0000000e+00
   4.4280000e+02   4.7386340e+00   7.0000000e+00
   4.4340000e+02   4.8280818e+00   7.0000000e+00
   4.4400000e+02   5.0271822e+00   5.0000000e+00
   4.4460000e+02   4.8948362e+00   7.0000000e+00
   4.4520000e+02   4.9441978e+00   7.0000000e+00
   4.4580000e+02   5.1253174e+00   7.0000000e+00
   4.4640000e+02   5.2422451e+00   7.0000000e+00
   4.4700000e+02   5.3420947e+00   7.0000000e+00
   4.4760000e+02   5.4230273e+00   5.0000000e+00
   4.4820000e+02   5.1777320e+00   5.0000000e+00
   4.4880000e+02   4.8768120e+00   7.0000000e+00
   4.4940000e+02   4.9359869e+00   5.0000000e+00
   4.5000000e+02   4.8003556e+00   7.0000000e+00
   4.5060000e+02   4.9116321e+00   7.0000000e+00
   4.5120000e+02   5.0826821e+00   5.0000000e+00
   4.5180000e+02   4.9336037e+00   7.0000000e+00
   4.5240000e+02   4.9789983e+00   7.0000000e+00
   4.5300000e+02   5.1455032e+00   5.0000000e+00
   4.5360000e+02   4.9734198e+00   5.0000000e+00
   4.5420000e+02   4.7123692e+00   5.0000000e+00
   4.5480000e+02   4.5333823e+00   5.0000000e+00
   4.5540000e+02   4.4037377e+00   7.0000000e+00
   4.5600000e+02   4.6052109e+00   5.0000000e+00
   4.5660000e+02   4.5456251e+00   5.0000000e+00
   4.5720000e+02   4.4050945e+00   5.0000000e+00
   4.5780000e+02   4.3019143e+00   5.0000000e+00
   4.5840000e+02   4.2338188e+00   5.0000000e+00
   4.5900000e+02   4.1535079e+00   7.0000000e+00
   4.5960000e+02   4.4105534e+00   7.0000000e+00
   4.6020000e+02   4.7232843e+00   7.0000000e+00
   4.6080000e+02   4.9663543e+00   5.0000000e+00
   4.6140000e+02   4.7903472e+00   7.0000000e+00
   4.6200000e+02   4.9126155e+00   5.0000000e+00
   4.6260000e+02   4.7825878e+00   7.0000000e+00
   4.6320000e+02   4.8763844e+00   5.0000000e+00
   4.6380000e+02   4.7804141e+00   7.0000000e+00
   4.6440000e+02   4.8499447e+00   5.0000000e+00
   4.6500000e+02   4.7616956e+00   5.0000000e+00
   4.6560000e+02   4.5481227e+00   7.0000000e+00
   4.6620000e+02   4.6987582e+00   5.0000000e+00
   4.6680000e+02   4.6315649e+00   7.0000000e+00
   4.6740000e+02   4.7926864e+00   7.0000000e+00
   4.6800000e+02   5.0000874e+00   7.0000000e+00
   4.6860000e+02   5.1328427e+00   7.0000000e+00
   4.6920000e+02   5.2688193e+00   5.0000000e+00
   4.6980000e+02   5.0549126e+00   7.0000000e+00
   4.7040000e+02   5.0802303e+00   5.0000000e+00
   4.7100000e+02   4.9306996e+00   7.0000000e+00
   4.7160000e+02   5.0025869e+00   7.0000000e+00
   4.7220000e+02   5.1207812e+00   7.0000000e+00
   4.7280000e+02   5.2801754e+00   7.0000000e+00
   4.7340000e+02   5.3263352e+00   7.0000000e+00
   4.7400000e+02   5.4214553e+00   7.0000000e+00
   4.7460000e+02   5.4510632e+00   7.0000000e+00
   4.7520000e+02   5.4888275e+00   5.0000000e+00
   4.7580000e+02   5.2478465e+00   7.0000000e+00
   4.7640000e+02   5.2165413e+00   5.0000000e+00
   4.7700000e+02   5.0242292e+00   5.0000000e+00
   4.7760000e+02   4.7802071e+00   7.0000000e+00
   4.7820000e+02   4.8491927e+00   5.0000000e+00
   4.7880000e+02   4.7280634e+00   5.0000000e+00
   4.7940000e+02   4.5701192e+00   7.0000000e+00
   4.8000000e+02   4.7076067e+00   5.0000000e+00
   4.8060000e+02   4.6501934e+00   5.0000000e+00
   4.8120000e+02   4.4846460e+00   5.0000000e+00
   4.8180000e+02   4.3459041e+00   5.0000000e+00
   4.8240000e+02   4.2531687e+00   7.0000000e+00
   4.8300000e+02   4.4914894e+00   7.0000000e+00
   4.8360000e+02   4.7790258e+00   5.0000000e+00
   4.8420000e+02   4.6952660e+00   5.0000000e+00
   4.8480000e+02   4.5384490e+00   5.0000000e+00
   4.8540000e+02   4.3844455e+00   5.0000000e+00
   4.8600000e+02   4.2716964e+00   7.0000000e+00
   4.8660000e+02   4.5028789e+00   7.0000000e+00
   4.8720000e+02   4.7837676e+00   7.0000000e+00
   4.8780000e+02   4.9830900e+00   5.0000000e+00
   4.8840000e+02   4.8611091e+00   7.0000000e+00
   4.8900000e+02   4.9332529e+00   7.0000000e+00
   4.8960000e+02   5.1283914e+00   7.0000000e+00
   4.9020000e+02   5.2276538e+00   5.0000000e+00
   4.9080000e+02   5.0443438e+00   5.0000000e+00
   4.9140000e+02   4.7754150e+00   5.0000000e+00
   4.9200000e+02   4.5744341e+00   5.0000000e+00
   4.9260000e+02   4.4327745e+00   5.0000000e+00
   4.9320000e+02   4.2978098e+00   5.0000000e+00
   4.9380000e+02   4.2466780e+00   7.0000000e+00
   4.9440000e+02   4.4773573e+00   5.0000000e+00
   4.9500000e+02   4.4613695e+00   5.0000000e+00
   4.9560000e+02   4.3476097e+00   7.0000000e+00
   4.9620000e+02   4.5237595e+00   7.0000000e+00
   4.9680000e+02   4.8278847e+00   7.0000000e+00
   4.9740000e+02   5.0173737e+00   5.0000000e+00
   4.9800000e+02   4.8797778e+00   5.0000000e+00
   4.9860000e+02   4.6556006e+00   5.0000000e+00
   4.9920000e+02   4.4612972e+00   7.0000000e+00
   4.9980000e+02   4.6429944e+00   5.0000000e+00
   5.0040000e+02   4.6165565e+00   7.0000000e+00
   5.0100000e+02   4.7476741e+00   5.0000000e+00
   5.0160000e+02   4.6737639e+00   5.0000000e+00
   5.0220000e+02   4.5066837e+00   7.0000000e+00
   5.0280000e+02   4.6546964e+00   5.0000000e+00
   5.0340000e+02   4.5987064e+00   7.0000000e+00
   5.0400000e+02   4.7558400e+00   5.0000000e+00
   5.0460000e+02   4.6761890e+00   7.0000000e+00
   5.0520000e+02   4.8076284e+00   7.0000000e+00
   5.0580000e+02   5.0146761e+00   7.0000000e+00
   5.0640000e+02   5.1553382e+00   7.0000000e+00
   5.0700000e+02   5.2844264e+00   5.0000000e+00
   5.0760000e+02   5.0966955e+00   5.0000000e+00
   5.0820000e+02   4.8068415e+00   7.0000000e+00
   5.0880000e+02   4.8856606e+00   7.0000000e+00
   5.0940000e+02   5.0618622e+00   5.0000000e+00
   5.1000000e+02   4.9107868e+00   5.0000000e+00
   5.1060000e+02   4.6935755e+00   7.0000000e+00
   5.1120000e+02   4.7967805e+00   5.0000000e+00
   5.1180000e+02   4.7104924e+00   5.0000000e+00
   5.1240000e+02   4.5144621e+00   7.0000000e+00
   5.1300000e+02   4.6859606e+00   7.0000000e+00
   5.1360000e+02   4.9170212e+00   7.0000000e+00
   5.1420000e+02   5.0914531e+00   7.0000000e+00
   5.1480000e+02   5.2099822e+00   7.0000000e+00
   5.1540000e+02   5.3160619e+00   5.0000000e+00
   5.1600000e+02   5.0917052e+00   5.0000000e+00
   5.1660000e+02   4.8010566e+00   7.0000000e+00
   5.1720000e+02   4.9029287e+00   7.0000000e+00
   5.1780000e+02   5.0668834e+00   7.0000000e+00
   5.1840000e+02   5.1813180e+00   7.0000000e+00
   5.1900000e+02   5.3403511e+00   7.0000000e+00
   5.1960000e+02   5.3764673e+00   7.0000000e+00
   5.2020000e+02   5.4148260e+00   7.0000000e+00
   5.2080000e+02   5.4783212e+00   7.0000000e+00
   5.2140000e+02   5.4940390e+00   5.0000000e+00
   5.2200000e+02   5.2302741e+00   5.0000000e+00
   5.2260000e+02   4.9291469e+00   7.0000000e+00
   5.2320000e+02   4.9711470e+00   5.0000000e+00
   5.2380000e+02   4.8469356e+00   5.0000000e+00
   5.2440000e+02   4.6111693e+00   7.0000000e+00
   5.2500000e+02   4.7652129e+00   5.0000000e+00
   5.2560000e+02   4.6787462e+00   5.0000000e+00
   5.2620000e+02   4.5180777e+00   7.0000000e+00
   5.2680000e+02   4.6568234e+00   5.0000000e+00
   5.2740000e+02   4.6300062e+00   7.0000000e+00
   5.2800000e+02   4.7712612e+00   5.0000000e+00
   5.2860000e+02   4.6785060e+00   5.0000000e+00
   5.2920000e+02   4.5163991e+00   5.0000000e+00
   5.2980000e+02   4.3779822e+00   7.0000000e+00
   5.3040000e+02   4.5334991e+00   5.0000000e+00
   5.3100000e+02   4.5578051e+00   7.0000000e+00
   5.3160000e+02   4.7012526e+00   5.0000000e+00
   5.3220000e+02   4.6409576e+00   5.0000000e+00
   5.3280000e+02   4.4803440e+00   5.0000000e+00
   5.3340000e+02   4.3482884e+00   5.0000000e+00
   5.3400000e+02   4.2899209e+00   7.0000000e+00
   5.3460000e+02   4.4977885e+00   7.0000000e+00
   5.3520000e+02   4.7747902e+00   7.0000000e+00
   5.3580000e+02   4.9788697e+00   7.0000000e+00
   5.3640000e+02   5.1557044e+00   5.0000000e+00
   5.3700000e+02   4.9697749e+00   7.0000000e+00
   5.3760000e+02   5.0033735e+00   5.0000000e+00
   5.3820000e+02   4.8777581e+00   7.0000000e+00
   5.3880000e+02   4.9222920e+00   5.0000000e+00
   5.3940000e+02   4.8356788e+00   7.0000000e+00
   5.4000000e+02   4.8662733e+00   7.0000000e+00
   5.4060000e+02   5.0487710e+00   5.0000000e+00
   5.4120000e+02   4.8974379e+00   7.0000000e+00
   5.4180000e+02   4.9905820e+00   7.0000000e+00
   5.4240000e+02   5.1590625e+00   7.0000000e+00
   5.4300000e+02   5.2512329e+00   7.0000000e+00
   5.4360000e+02   5.3394427e+00   5.0000000e+00
   5.4420000e+02   5.0953935e+00   7.0000000e+00
   5.4480000e+02   5.1373359e+00   5.0000000e+00
   5.4540000e+02   4.9553926e+00   5.0000000e+00
   5.4600000e+02   4.7082401e+00   7.0000000e+00
   5.4660000e+02   4.8056159e+00   7.0000000e+00
   5.4720000e+02   5.0152845e+00   5.0000000e+00
   5.4780000e+02   4.8742822e+00   7.0000000e+00
   5.4840000e+02   4.9332725e+00   7.0000000e+00
   5.4900000e+02   5.0922955e+00   5.0000000e+00
   5.4960000e+02   4.9411498e+00   5.0000000e+00
   5.5020000e+02   4.6943204e+00   7.0000000e+00
   5.5080000e+02   4.8020734e+00   7.0000000e+00
   5.5140000e+02   4.9994695e+00   7.0000000e+00
   5.5200000e+02   5.1389141e+00   7.0000000e+00
   5.5260000e+02   5.2892287e+00   7.0000000e+00
   5.5320000e+02   5.3563169e+00   5.0000000e+00
   5.5380000e+02   5.1190165e+00   7.0000000e+00
   5.5440000e+02   5.1237918e+00   7.0000000e+00
   5.5500000e+02   5.2408063e+00   7.0000000e+00
   5.5560000e+02   5.3451409e+00   5.0000000e+00
   5.5620000e+02   5.0962354e+00   7.0000000e+00
   5.5680000e+02   5.1280018e+00   7.0000000e+00
   5.5740000e+02   5.2372786e+00   5.0000000e+00
   5.5800000e+02   5.0645777e+00   7.0000000e+00
   5.5860000e+02   5.0512576e+00   7.0000000e+00
   5.5920000e+02   5.1982725e+00   7.0000000e+00
   5.5980000e+02   5.3158182e+00   7.0000000e+00
   5.6040000e+02   5.3732124e+00   7.0000000e+00
   5.6100000e+02   5.4180439e+00   7.0000000e+00
   5.6160000e+02   5.4822797e+00   5.0000000e+00
   5.6220000e+02   5.2309704e+00   7.0000000e+00
   5.6280000e+02   5.1859768e+00   7.0000000e+00
   5.6340000e+02   5.2905023e+00   7.0000000e+00
   5.6400000e+02   5.3742157e+00   7.0000000e+00
   5.6460000e+02   5.4388138e+00   7.0000000e+00
   5.6520000e+02   5.4713995e+00   7.0000000e+00
   5.6580000e+02   5.5084490e+00   7.0000000e+00
   5.6640000e+02   5.5297780e+00   7.0000000e+00
   5.6700000e+02   5.5662182e+00   7.0000000e+00
   5.6760000e+02   5.5625898e+00   5.0000000e+00
   5.6820000e+02   5.2684329e+00   7.0000000e+00
   5.6880000e+02   5.2552783e+00   7.0000000e+00
   5.6940000e+02   5.3313041e+00   5.0000000e+00
   5.7000000e+02   5.0804982e+00   7.0000000e+00
   5.7060000e+02   5.0804795e+00   7.0000000e+00
   5.7120000e+02   5.2275605e+00   5.0000000e+00
   5.7180000e+02   5.0374671e+00   7.0000000e+00
   5.7240000e+02   5.0710550e+00   7.0000000e+00
   5.7300000e+02   5.1986827e+00   5.0000000e+00
   5.7360000e+02   5.0040124e+00   5.0000000e+00
   5.7420000e+02   4.7483177e+00   7.0000000e+00
   5.7480000e+02   4.8545328e+00   5.0000000e+00
   5.7540000e+02   4.7509054e+00   7.0000000e+00
   5.7600000e+02   4.8420834e+00   7.0000000e+00
   5.7660000e+02   5.0587371e+00   5.0000000e+00
   5.7720000e+02   4.9189577e+00   5.0000000e+00
   5.7780000e+02   4.6861157e+00   7.0000000e+00
   5.7840000e+02   4.7681247e+00   5.0000000e+00
   5.7900000e+02   4.6852122e+00   7.0000000e+00
   5.7960000e+02   4.8125162e+00   5.0000000e+00
   5.8020000e+02   4.6980567e+00   5.0000000e+00
   5.8080000e+02   4.5367017e+00   5.0000000e+00
   5.8140000e+02   4.3888997e+00   5.0000000e+00
   5.8200000e+02   4.2881461e+00   5.0000000e+00
   5.8260000e+02   4.2277815e+00   7.0000000e+00
   5.8320000e+02   4.4548110e+00   7.0000000e+00
   5.8380000e+02   4.7423672e+00   5.0000000e+00
   5.8440000e+02   4.6903481e+00   5.0000000e+00
   5.8500000e+02   4.5007982e+00   7.0000000e+00
   5.8560000e+02   4.6579056e+00   7.0000000e+00
   5.8620000e+02   4.8746918e+00   7.0000000e+00
   5.8680000e+02   5.0926661e+00   5.0000000e+00
   5.8740000e+02   4.9258037e+00   5.0000000e+00
   5.8800000e+02   4.6766233e+00   5.0000000e+00
   5.8860000e+02   4.5169835e+00   5.0000000e+00
   5.8920000e+02   4.3688213e+00   5.0000000e+00
   5.8980000e+02   4.2988375e+00   7.0000000e+00
   5.9040000e+02   4.4927479e+00   7.0000000e+00
   5.9100000e+02   4.8034735e+00   5.0000000e+00
   5.9160000e+02   4.7072450e+00   7.0000000e+00
   5.9220000e+02   4.7865733e+00   7.0000000e+00
   5.9280000e+02   5.0307500e+00   7.0000000e+00
   5.9340000e+02   5.1746416e+00   5.0000000e+00
   5.9400000e+02   4.9691370e+00   5.0000000e+00
   5.9460000e+02   4.7309215e+00   5.0000000e+00
   5.9520000e+02   4.5642166e+00   7.0000000e+00
   5.9580000e+02   4.6597758e+00   5.0000000e+00
   5.9640000e+02   4.6267732e+00   5.0000000e+00
   5.9700000e+02   4.4705341e+00   5.0000000e+00
   5.9760000e+02   4.3363716e+00   5.0000000e+00
   5.9820000e+02   4.2644098e+00   5.0000000e+00
   5.9880000e+02   4.1905703e+00   5.0000000e+00
   5.9940000e+02   4.1282416e+00   7.0000000e+00
   6.0000000e+02   4.3829522e+00   7.0000000e+00
   6.0060000e+02   4.6995591e+00   7.0000000e+00
   6.0120000e+02   4.9619294e+00   7.0000000e+00
   6.0180000e+02   5.1035182e+00   5.0000000e+00
   6.0240000e+02   4.9585029e+00   5.0000000e+00
   6.0300000e+02   4.6893837e+00   5.0000000e+00
   6.0360000e+02   4.5320458e+00   7.0000000e+00
   6.0420000e+02   4.6676925e+00   7.0000000e+00
   6.0480000e+02   4.9239893e+00   7.0000000e+00
   6.0540000e+02   5.1320443e+00   7.0000000e+00
   6.0600000e+02   5.2134359e+00   7.0000000e+00
   6.0660000e+02   5.3090128e+00   7.0000000e+00
   6.0720000e+02   5.3889591e+00   7.0000000e+00
   6.0780000e+02   5.4579644e+00   5.0000000e+00
   6.0840000e+02   5.2058976e+00   5.0000000e+00
   6.0900000e+02   4.9142655e+00   5.0000000e+00
   6.0960000e+02   4.6299266e+00   5.0000000e+00
   6.1020000e+02   4.4588455e+00   5.0000000e+00
   6.1080000e+02   4.3545781e+00   5.0000000e+00
   6.1140000e+02   4.2697116e+00   5.0000000e+00
   6.1200000e+02   4.2204626e+00   5.0000000e+00
   6.1260000e+02   4.1440656e+00   5.0000000e+00
   6.1320000e+02   4.1271184e+00   5.0000000e+00
   6.1380000e+02   4.0795606e+00   7.0000000e+00
   6.1440000e+02   4.3204369e+00   7.0000000e+00
   6.1500000e+02   4.6535873e+00   7.0000000e+00
   6.1560000e+02   4.9089568e+00   5.0000000e+00
   6.1620000e+02   4.7856321e+00   5.0000000e+00
   6.1680000e+02   4.6180684e+00   5.0000000e+00
   6.1740000e+02   4.4567076e+00   7.0000000e+00
   6.1800000e+02   4.5985432e+00   7.0000000e+00
   6.1860000e+02   4.8905347e+00   7.0000000e+00
   6.1920000e+02   5.0687513e+00   5.0000000e+00
   6.1980000e+02   4.9215364e+00   7.0000000e+00
   6.2040000e+02   4.9524185e+00   7.0000000e+00
   6.2100000e+02   5.1387148e+00   5.0000000e+00
   6.2160000e+02   4.9640213e+00   5.0000000e+00
   6.2220000e+02   4.7165208e+00   5.0000000e+00
   6.2280000e+02   4.5108230e+00   7.0000000e+00
   6.2340000e+02   4.6747008e+00   5.0000000e+00
   6.2400000e+02   4.6175997e+00   5.0000000e+00
   6.2460000e+02   4.4651181e+00   7.0000000e+00
   6.2520000e+02   4.6461238e+00   7.0000000e+00
   6.2580000e+02   4.8636840e+00   5.0000000e+00
   6.2640000e+02   4.7699520e+00   7.0000000e+00
   6.2700000e+02   4.8607983e+00   5.0000000e+00
   6.2760000e+02   4.7797108e+00   7.0000000e+00
   6.2820000e+02   4.8639569e+00   5.0000000e+00
   6.2880000e+02   4.7669546e+00   5.0000000e+00
   6.2940000e+02   4.5788910e+00   5.0000000e+00
   6.3000000e+02   4.4022174e+00   7.0000000e+00
   6.3060000e+02   4.5941737e+00   5.0000000e+00
   6.3120000e+02   4.5857453e+00   5.0000000e+00
   6.3180000e+02   4.4324354e+00   5.0000000e+00
   6.3240000e+02   4.2939466e+00   5.0000000e+00
   6.3300000e+02   4.2413636e+00   7.0000000e+00
   6.3360000e+02   4.4630882e+00   5.0000000e+00
   6.3420000e+02   4.4520955e+00   7.0000000e+00
   6.3480000e+02   4.6219083e+00   5.0000000e+00
   6.3540000e+02   4.5760533e+00   7.0000000e+00
   6.3600000e+02   4.7510368e+00   7.0000000e+00
   6.3660000e+02   4.9814965e+00   7.0000000e+00
   6.3720000e+02   5.1308075e+00   5.0000000e+00
   6.3780000e+02   4.9382350e+00   5.0000000e+00
   6.3840000e+02   4.6940108e+00   5.0000000e+00
   6.3900000e+02   4.5447107e+00   5.0000000e+00
   6.3960000e+02   4.3956665e+00   7.0000000e+00
   6.4020000e+02   4.5652739e+00   5.0000000e+00
   6.4080000e+02   4.5582080e+00   7.0000000e+00
   6.4140000e+02   4.7179923e+00   7.0000000e+00
   6.4200000e+02   4.9460778e+00   5.0000000e+00
   6.4260000e+02   4.8180492e+00   7.0000000e+00
   6.4320000e+02   4.8829147e+00   5.0000000e+00
   6.4380000e+02   4.7697437e+00   7.0000000e+00
   6.4440000e+02   4.8637704e+00   5.0000000e+00
   6.4500000e+02   4.7782375e+00   7.0000000e+00
   6.4560000e+02   4.8514937e+00   7.0000000e+00
   6.4620000e+02   5.0162146e+00   7.0000000e+00
   6.4680000e+02   5.1668808e+00   7.0000000e+00
   6.4740000e+02   5.2868172e+00   7.0000000e+00
   6.4800000e+02   5.3703528e+00   5.0000000e+00
   6.4860000e+02   5.1504604e+00   7.0000000e+00
   6.4920000e+02   5.1187858e+00   5.0000000e+00
   6.4980000e+02   4.9606765e+00   5.0000000e+00
   6.5040000e+02   4.7034885e+00   5.0000000e+00
   6.5100000e+02   4.5049865e+00   5.0000000e+00
   6.5160000e+02   4.3807218e+00   5.0000000e+00
   6.5220000e+02   4.3045243e+00   5.0000000e+00
   6.5280000e+02   4.2041790e+00   5.0000000e+00
   6.5340000e+02   4.1668995e+00   5.0000000e+00
   6.5400000e+02   4.1339375e+00   7.0000000e+00
   6.5460000e+02   4.3646924e+00   5.0000000e+00
   6.5520000e+02   4.3914929e+00   7.0000000e+00
   6.5580000e+02   4.5691368e+00   5.0000000e+00
   6.5640000e+02   4.5804199e+00   7.0000000e+00
   6.5700000e+02   4.7200161e+00   5.0000000e+00
   6.5760000e+02   4.6495241e+00   7.0000000e+00
   6.5820000e+02   4.7751539e+00   5.0000000e+00
   6.5880000e+02   4.7247817e+00   7.0000000e+00
   6.5940000e+02   4.7939690e+00   5.0000000e+00
   6.6000000e+02   4.7256256e+00   5.0000000e+00
   6.6060000e+02   4.5458478e+00   5.0000000e+00
   6.6120000e+02   4.4027111e+00   5.0000000e+00
   6.6180000e+02   4.2919477e+00   7.0000000e+00
   6.6240000e+02   4.5241725e+00   5.0000000e+00
   6.6300000e+02   4.5106165e+00   7.0000000e+00
   6.6360000e+02   4.6485895e+00   7.0000000e+00
   6.6420000e+02   4.9251711e+00   7.0000000e+00
   6.6480000e+02   5.0698581e+00   7.0000000e+00
   6.6540000e+02   5.2099571e+00   5.0000000e+00
   6.6600000e+02   5.0391753e+00   5.0000000e+00
   6.6660000e+02   4.7374327e+00   5.0000000e+00
   6.6720000e+02   4.5751333e+00   7.0000000e+00
   6.6780000e+02   4.7206278e+00   5.0000000e+00
   6.6840000e+02   4.6609408e+00   7.0000000e+00
   6.6900000e+02   4.7739619e+00   7.0000000e+00
   6.6960000e+02   4.9760657e+00   5.0000000e+00
   6.7020000e+02   4.8705228e+00   7.0000000e+00
   6.7080000e+02   4.9296868e+00   7.0000000e+00
   6.7140000e+02   5.0964917e+00   7.0000000e+00
   6.7200000e+02   5.2615042e+00   5.0000000e+00
   6.7260000e+02   5.0271021e+00   5.0000000e+00
   6.7320000e+02   4.7517067e+00   7.0000000e+00
   6.7380000e+02   4.8306498e+00   7.0000000e+00
   6.7440000e+02   5.0684775e+00   5.0000000e+00
   6.7500000e+02   4.9024930e+00   7.0000000e+00
   6.7560000e+02   4.9710076e+00   5.0000000e+00
   6.7620000e+02   4.8286650e+00   5.0000000e+00
   6.7680000e+02   4.6411905e+00   7.0000000e+00
   6.7740000e+02   4.7359256e+00   5.0000000e+00
   6.7800000e+02   4.7046247e+00   7.0000000e+00
   6.7860000e+02   4.7905020e+00   5.0000000e+00
   6.7920000e+02   4.7183950e+00   5.0000000e+00
   6.7980000e+02   4.5238107e+00   7.0000000e+00
   6.8040000e+02   4.6977852e+00   7.0000000e+00
   6.8100000e+02   4.9357923e+00   5.0000000e+00
   6.8160000e+02   4.8171076e+00   5.0000000e+00
   6.8220000e+02   4.5644568e+00   5.0000000e+00
   6.8280000e+02   4.4464893e+00   5.0000000e+00
   6.8340000e+02   4.3612399e+00   7.0000000e+00
   6.8400000e+02   4.5419744e+00   5.0000000e+00
   6.8460000e+02   4.5191082e+00   7.0000000e+00
   6.8520000e+02   4.6701667e+00   5.0000000e+00
   6.8580000e+02   4.6276742e+00   5.0000000e+00
   6.8640000e+02   4.4359382e+00   7.0000000e+00
   6.8700000e+02   4.6270338e+00   7.0000000e+00
   6.8760000e+02   4.8865274e+00   7.0000000e+00
   6.8820000e+02   5.0613216e+00   5.0000000e+00
   6.8880000e+02   4.9174299e+00   5.0000000e+00
   6.8940000e+02   4.6624649e+00   7.0000000e+00
   6.9000000e+02   4.8139519e+00   7.0000000e+00
   6.9060000e+02   4.9925379e+00   5.0000000e+00
   6.9120000e+02   4.8713082e+00   5.0000000e+00
   6.9180000e+02   4.6442639e+00   5.0000000e+00
   6.9240000e+02   4.4821907e+00   5.0000000e+00
   6.9300000e+02   4.3561401e+00   5.0000000e+00
   6.9360000e+02   4.2573643e+00   5.0000000e+00
   6.9420000e+02   4.1883549e+00   7.0000000e+00
   6.9480000e+02   4.4326268e+00   7.0000000e+00
   6.9540000e+02   4.7485709e+00   5.0000000e+00
   6.9600000e+02   4.6906877e+00   7.0000000e+00
   6.9660000e+02   4.7965040e+00   5.0000000e+00
   6.9720000e+02   4.7067450e+00   7.0000000e+00
   6.9780000e+02   4.8179388e+00   5.0000000e+00
   6.9840000e+02   4.7175275e+00   7.0000000e+00
   6.9900000e+02   4.8445908e+00   5.0000000e+00
   6.9960000e+02   4.7592158e+00   7.0000000e+00
   7.0020000e+02   4.8256540e+00   7.0000000e+00
   7.0080000e+02   5.0429857e+00   5.0000000e+00
   7.0140000e+02   4.9232104e+00   5.0000000e+00
   7.0200000e+02   4.6387660e+00   7.0000000e+00
   7.0260000e+02   4.7624472e+00   7.0000000e+00
   7.0320000e+02   4.9736119e+00   5.0000000e+00
   7.0380000e+02   4.8715429e+00   5.0000000e+00
   7.0440000e+02   4.6370662e+00   7.0000000e+00
   7.0500000e+02   4.7557693e+00   7.0000000e+00
   7.0560000e+02   4.9697132e+00   5.0000000e+00
   7.0620000e+02   4.8386312e+00   7.0000000e+00
   7.0680000e+02   4.8989096e+00   5.0000000e+00
   7.0740000e+02   4.8021151e+00   7.0000000e+00
   7.0800000e+02   4.9017318e+00   7.0000000e+00
   7.0860000e+02   5.0702939e+00   5.0000000e+00
   7.0920000e+02   4.9028105e+00   5.0000000e+00
   7.0980000e+02   4.6655174e+00   5.0000000e+00
   7.1040000e+02   4.4795233e+00   5.0000000e+00
   7.1100000e+02   4.3776136e+00   5.0000000e+00
   7.1160000e+02   4.2862533e+00   7.0000000e+00
   7.1220000e+02   4.5039039e+00   5.0000000e+00
   7.1280000e+02   4.4846130e+00   7.0000000e+00
   7.1340000e+02   4.6365332e+00   7.0000000e+00
   7.1400000e+02   4.9125723e+00   5.0000000e+00
   7.1460000e+02   4.7657920e+00   5.0000000e+00
   7.1520000e+02   4.5867178e+00   5.0000000e+00
   7.1580000e+02   4.4311558e+00   7.0000000e+00
   7.1640000e+02   4.6170303e+00   7.0000000e+00
   7.1700000e+02   4.8990233e+00   7.0000000e+00
   7.1760000e+02   5.0716006e+00   7.0000000e+00
   7.1820000e+02   5.1942733e+00   5.0000000e+00
   7.1880000e+02   5.0016305e+00   7.0000000e+00
   7.1940000e+02   5.0463366e+00   7.0000000e+00
   7.2000000e+02   5.1742367e+00   7.0000000e+00
   7.2060000e+02   5.2813251e+00   5.0000000e+00
   7.2120000e+02   5.0793077e+00   5.0000000e+00
   7.2180000e+02   4.8121872e+00   7.0000000e+00
   7.2240000e+02   4.8850292e+00   5.0000000e+00
   7.2300000e+02   4.7793446e+00   5.0000000e+00
   7.2360000e+02   4.5668112e+00   7.0000000e+00
   7.2420000e+02   4.7145430e+00   7.0000000e+00
   7.2480000e+02   4.9399292e+00   5.0000000e+00
   7.2540000e+02   4.8282827e+00   7.0000000e+00
   7.2600000e+02   4.8951756e+00   7.0000000e+00
   7.2660000e+02   5.0982610e+00   7.0000000e+00
   7.2720000e+02   5.2029901e+00   5.0000000e+00
   7.2780000e+02   5.0148905e+00   7.0000000e+00
   7.2840000e+02   5.0854016e+00   5.0000000e+00
   7.2900000e+02   4.9092118e+00   7.0000000e+00
   7.2960000e+02   4.9608925e+00   7.0000000e+00
   7.3020000e+02   5.1292376e+00   5.0000000e+00
   7.3080000e+02   4.9397255e+00   5.0000000e+00
   7.3140000e+02   4.7245057e+00   7.0000000e+00
   7.3200000e+02   4.8426680e+00   5.0000000e+00
   7.3260000e+02   4.7476858e+00   5.0000000e+00
   7.3320000e+02   4.5385977e+00   5.0000000e+00
   7.3380000e+02   4.4197720e+00   5.0000000e+00
   7.3440000e+02   4.3104662e+00   7.0000000e+00
   7.3500000e+02   4.4923510e+00   5.0000000e+00
   7.3560000e+02   4.5108128e+00   5.0000000e+00
   7.3620000e+02   4.3683106e+00   5.0000000e+00
   7.3680000e+02   4.2609196e+00   7.0000000e+00
   7.3740000e+02   4.4930061e+00   5.0000000e+00
   7.3800000e+02   4.5099227e+00   7.0000000e+00
   7.3860000e+02   4.6721598e+00   5.0000000e+00
   7.3920000e+02   4.6012821e+00   7.0000000e+00
   7.3980000e+02   4.7051328e+00   5.0000000e+00
   7.4040000e+02   4.6895953e+00   5.0000000e+00
   7.4100000e+02   4.5131504e+00   5.0000000e+00
   7.4160000e+02   4.3898895e+00   7.0000000e+00
   7.4220000e+02   4.5829932e+00   7.0000000e+00
   7.4280000e+02   4.8236511e+00   5.0000000e+00
   7.4340000e+02   4.7306092e+00   5.0000000e+00
   7.4400000e+02   4.5715459e+00   7.0000000e+00
   7.4460000e+02   4.6922233e+00   7.0000000e+00
   7.4520000e+02   4.9492983e+00   5.0000000e+00
   7.4580000e+02   4.8112450e+00   5.0000000e+00
   7.4640000e+02   4.6170320e+00   5.0000000e+00
   7.4700000e+02   4.4525099e+00   7.0000000e+00
   7.4760000e+02   4.6144732e+00   5.0000000e+00
   7.4820000e+02   4.5848329e+00   5.0000000e+00
   7.4880000e+02   4.4168732e+00   5.0000000e+00
   7.4940000e+02   4.3070631e+00   7.0000000e+00
   7.5000000e+02   4.5169683e+00   5.0000000e+00
   7.5060000e+02   4.4943945e+00   5.0000000e+00
   7.5120000e+02   4.3984801e+00   5.0000000e+00
   7.5180000e+02   4.2745790e+00   7.0000000e+00
   7.5240000e+02   4.5094854e+00   7.0000000e+00
   7.5300000e+02   4.7778623e+00   5.0000000e+00
   7.5360000e+02   4.7054768e+00   5.0000000e+00
   7.5420000e+02   4.5223090e+00   5.0000000e+00
   7.5480000e+02   4.4086320e+00   7.0000000e+00
   7.5540000e+02   4.5994627e+00   5.0000000e+00
   7.5600000e+02   4.5728036e+00   7.0000000e+00
   7.5660000e+02   4.6929778e+00   5.0000000e+00
   7.5720000e+02   4.6389655e+00   7.0000000e+00
   7.5780000e+02   4.7782954e+00   7.0000000e+00
   7.5840000e+02   4.9924238e+00   5.0000000e+00
   7.5900000e+02   4.8464700e+00   5.0000000e+00
   7.5960000e+02   4.6222408e+00   5.0000000e+00
   7.6020000e+02   4.4695230e+00   7.0000000e+00
   7.6080000e+02   4.6377777e+00   5.0000000e+00
   7.6140000e+02   4.6052089e+00   7.0000000e+00
   7.6200000e+02   4.7122044e+00   7.0000000e+00
   7.6260000e+02   4.9407811e+00   7.0000000e+00
   7.6320000e+02   5.1308309e+00   7.0000000e+00
   7.6380000e+02   5.2468222e+00   7.0000000e+00
   7.6440000e+02   5.3515890e+00   5.0000000e+00
   7.6500000e+02   5.1276757e+00   5.0000000e+00
   7.6560000e+02   4.8384277e+00   5.0000000e+00
   7.6620000e+02   4.6384194e+00   5.0000000e+00
   7.6680000e+02   4.4647209e+00   7.0000000e+00
   7.6740000e+02   4.6469694e+00   5.0000000e+00
   7.6800000e+02   4.6064721e+00   5.0000000e+00
   7.6860000e+02   4.4216977e+00   7.0000000e+00
   7.6920000e+02   4.6246392e+00   5.0000000e+00
   7.6980000e+02   4.5728256e+00   5.0000000e+00
   7.7040000e+02   4.4092973e+00   5.0000000e+00
   7.7100000e+02   4.2977901e+00   7.0000000e+00
   7.7160000e+02   4.5117814e+00   7.0000000e+00
   7.7220000e+02   4.8103788e+00   7.0000000e+00
   7.7280000e+02   4.9928405e+00   7.0000000e+00
   7.7340000e+02   5.1476938e+00   5.0000000e+00
   7.7400000e+02   4.9797082e+00   5.0000000e+00
   7.7460000e+02   4.7556348e+00   7.0000000e+00
   7.7520000e+02   4.8230212e+00   7.0000000e+00
   7.7580000e+02   5.0623118e+00   7.0000000e+00
   7.7640000e+02   5.1827742e+00   5.0000000e+00
   7.7700000e+02   4.9793687e+00   7.0000000e+00
   7.7760000e+02   5.0445041e+00   7.0000000e+00
   7.7820000e+02   5.1938387e+00   5.0000000e+00
   7.7880000e+02   4.9830447e+00   7.0000000e+00
   7.7940000e+02   5.0338118e+00   5.0000000e+00
   7.8000000e+02   4.8767743e+00   7.0000000e+00
   7.8060000e+02   4.9542881e+00   7.0000000e+00
   7.8120000e+02   5.1129500e+00   5.0000000e+00
   7.8180000e+02   4.9546374e+00   7.0000000e+00
   7.8240000e+02   5.0044833e+00   5.0000000e+00
   7.8300000e+02   4.8513666e+00   5.0000000e+00
   7.8360000e+02   4.6321501e+00   7.0000000e+00
   7.8420000e+02   4.7637584e+00   7.0000000e+00
   7.8480000e+02   4.9956776e+00   5.0000000e+00
   7.8540000e+02   4.8496419e+00   5.0000000e+00
   7.8600000e+02   4.6249029e+00   7.0000000e+00
   7.8660000e+02   4.7411701e+00   5.0000000e+00
   7.8720000e+02   4.6846998e+00   7.0000000e+00
   7.8780000e+02   4.7872188e+00   7.0000000e+00
   7.8840000e+02   4.9799830e+00   7.0000000e+00
   7.8900000e+02   5.1628738e+00   5.0000000e+00
   7.8960000e+02   4.9673103e+00   7.0000000e+00
   7.9020000e+02   5.0288253e+00   7.0000000e+00
   7.9080000e+02   5.1593237e+00   7.0000000e+00
   7.9140000e+02   5.2816406e+00   5.0000000e+00
   7.9200000e+02   5.0574641e+00   7.0000000e+00
   7.9260000e+02   5.0872467e+00   5.0000000e+00
   7.9320000e+02   4.9331709e+00   5.0000000e+00
   7.9380000e+02   4.6804906e+00   7.0000000e+00
   7.9440000e+02   4.7992436e+00   5.0000000e+00
   7.9500000e+02   4.7231091e+00   7.0000000e+00
   7.9560000e+02   4.8344422e+00   7.0000000e+00
   7.9620000e+02   5.0512437e+00   5.0000000e+00
   7.9680000e+02   4.8758217e+00   7.0000000e+00
   7.9740000e+02   4.9397339e+00   5.0000000e+00
   7.9800000e+02   4.8414386e+00   5.0000000e+00
   7.9860000e+02   4.6131261e+00   5.0000000e+00
   7.9920000e+02   4.4504916e+00   7.0000000e+00
   7.9980000e+02   4.6337270e+00   5.0000000e+00
   8.0040000e+02   4.5727967e+00   7.0000000e+00
   8.0100000e+02   4.7334893e+00   7.0000000e+00
   8.0160000e+02   4.9476970e+00   5.0000000e+00
   8.0220000e+02   4.8333262e+00   5.0000000e+00
   8.0280000e+02   4.6112365e+00   7.0000000e+00
   8.0340000e+02   4.7589256e+00   7.0000000e+00
   8.0400000e+02   4.9943409e+00   7.0000000e+00
   8.0460000e+02   5.1286991e+00   5.0000000e+00
   8.0520000e+02   4.9676651e+00   7.0000000e+00
   8.0580000e+02   5.0077988e+00   5.0000000e+00
   8.0640000e+02   4.8485399e+00   5.0000000e+00
   8.0700000e+02   4.6228105e+00   7.0000000e+00
   8.0760000e+02   4.7677046e+00   7.0000000e+00
   8.0820000e+02   4.9902256e+00   7.0000000e+00
   8.0880000e+02   5.1623389e+00   7.0000000e+00
   8.0940000e+02   5.2638674e+00   7.0000000e+00
   8.1000000e+02   5.3563950e+00   7.0000000e+00
   8.1060000e+02   5.3970897e+00   5.0000000e+00
   8.1120000e+02   5.1858411e+00   7.0000000e+00
   8.1180000e+02   5.1438194e+00   5.0000000e+00
   8.1240000e+02   4.9618153e+00   7.0000000e+00
   8.1300000e+02   5.0237016e+00   7.0000000e+00
   8.1360000e+02   5.1407720e+00   5.0000000e+00
   8.1420000e+02   4.9701697e+00   7.0000000e+00
   8.1480000e+02   5.0424604e+00   7.0000000e+00
   8.1540000e+02   5.1763119e+00   5.0000000e+00
   8.1600000e+02   4.9865955e+00   7.0000000e+00
   8.1660000e+02   5.0222534e+00   5.0000000e+00
   8.1720000e+02   4.8845512e+00   5.0000000e+00
   8.1780000e+02   4.6565906e+00   5.0000000e+00
   8.1840000e+02   4.4864099e+00   5.0000000e+00
   8.1900000e+02   4.3614625e+00   5.0000000e+00
   8.1960000e+02   4.2548756e+00   7.0000000e+00
   8.2020000e+02   4.4797147e+00   5.0000000e+00
   8.2080000e+02   4.5234166e+00   5.0000000e+00
   8.2140000e+02   4.3811589e+00   5.0000000e+00
   8.2200000e+02   4.2518565e+00   5.0000000e+00
   8.2260000e+02   4.2124587e+00   7.0000000e+00
   8.2320000e+02   4.4339368e+00   7.0000000e+00
   8.2380000e+02   4.7327417e+00   7.0000000e+00
   8.2440000e+02   4.9632830e+00   5.0000000e+00
   8.2500000e+02   4.8482325e+00   5.0000000e+00
   8.2560000e+02   4.6428926e+00   7.0000000e+00
   8.2620000e+02   4.7445379e+00   7.0000000e+00
   8.2680000e+02   4.9587750e+00   7.0000000e+00
   8.2740000e+02   5.1280003e+00   5.0000000e+00
   8.2800000e+02   4.9744808e+00   5.0000000e+00
   8.2860000e+02   4.7345512e+00   7.0000000e+00
   8.2920000e+02   4.8194300e+00   5.0000000e+00
   8.2980000e+02   4.7537378e+00   5.0000000e+00
   8.3040000e+02   4.5566634e+00   5.0000000e+00
   8.3100000e+02   4.4349693e+00   7.0000000e+00
   8.3160000e+02   4.5596671e+00   5.0000000e+00
   8.3220000e+02   4.5451932e+00   5.0000000e+00
   8.3280000e+02   4.4408661e+00   7.0000000e+00
   8.3340000e+02   4.5772336e+00   7.0000000e+00
   8.3400000e+02   4.8736010e+00   7.0000000e+00
   8.3460000e+02   5.0606346e+00   7.0000000e+00
   8.3520000e+02   5.2023747e+00   5.0000000e+00
   8.3580000e+02   4.9941949e+00   5.0000000e+00
   8.3640000e+02   4.7689975e+00   5.0000000e+00
   8.3700000e+02   4.5500995e+00   5.0000000e+00
   8.3760000e+02   4.4278856e+00   7.0000000e+00
   8.3820000e+02   4.6103687e+00   7.0000000e+00
   8.3880000e+02   4.8449234e+00   5.0000000e+00
   8.3940000e+02   4.7601174e+00   7.0000000e+00
   8.4000000e+02   4.8524206e+00   7.0000000e+00
   8.4060000e+02   5.0512617e+00   5.0000000e+00
   8.4120000e+02   4.8971257e+00   5.0000000e+00
   8.4180000e+02   4.6686354e+00   5.0000000e+00
   8.4240000e+02   4.4973775e+00   7.0000000e+00
   8.4300000e+02   4.6596878e+00   7.0000000e+00
   8.4360000e+02   4.8951095e+00   5.0000000e+00
   8.4420000e+02   4.7803317e+00   7.0000000e+00
   8.4480000e+02   4.8679637e+00   5.0000000e+00
   8.4540000e+02   4.7770611e+00   5.0000000e+00
   8.4600000e+02   4.5909863e+00   7.0000000e+00
   8.4660000e+02   4.6992334e+00   7.0000000e+00
   8.4720000e+02   4.9277027e+00   7.0000000e+00
   8.4780000e+02   5.1279157e+00   5.0000000e+00
   8.4840000e+02   4.9323740e+00   7.0000000e+00
   8.4900000e+02   4.9844947e+00   7.0000000e+00
   8.4960000e+02   5.1622507e+00   7.0000000e+00
   8.5020000e+02   5.2731519e+00   7.0000000e+00
   8.5080000e+02   5.3429842e+00   5.0000000e+00
   8.5140000e+02   5.1250117e+00   5.0000000e+00
   8.5200000e+02   4.8331083e+00   7.0000000e+00
   8.5260000e+02   4.8808124e+00   5.0000000e+00
   8.5320000e+02   4.8152311e+00   5.0000000e+00
   8.5380000e+02   4.5999658e+00   5.0000000e+00
   8.5440000e+02   4.4199932e+00   5.0000000e+00
   8.5500000e+02   4.3048388e+00   5.0000000e+00
   8.5560000e+02   4.2098913e+00   5.0000000e+00
   8.5620000e+02   4.1817647e+00   5.0000000e+00
   8.5680000e+02   4.1123186e+00   7.0000000e+00
   8.5740000e+02   4.3978043e+00   7.0000000e+00
   8.5800000e+02   4.6900547e+00   5.0000000e+00
   8.5860000e+02   4.6443982e+00   5.0000000e+00
   8.5920000e+02   4.4424264e+00   5.0000000e+00
   8.5980000e+02   4.3424113e+00   7.0000000e+00
   8.6040000e+02   4.5469378e+00   7.0000000e+00
   8.6100000e+02   4.8228072e+00   7.0000000e+00
   8.6160000e+02   5.0109511e+00   5.0000000e+00
   8.6220000e+02   4.8949106e+00   5.0000000e+00
   8.6280000e+02   4.6706629e+00   7.0000000e+00
   8.6340000e+02   4.7758734e+00   5.0000000e+00
   8.6400000e+02   4.7089501e+00   7.0000000e+00
   8.6460000e+02   4.8231855e+00   5.0000000e+00
   8.6520000e+02   4.7297762e+00   7.0000000e+00
   8.6580000e+02   4.8258698e+00   7.0000000e+00
   8.6640000e+02   5.0453723e+00   5.0000000e+00
   8.6700000e+02   4.8837660e+00   7.0000000e+00
   8.6760000e+02   4.9403004e+00   5.0000000e+00
   8.6820000e+02   4.8434717e+00   7.0000000e+00
   8.6880000e+02   4.9156608e+00   7.0000000e+00
   8.6940000e+02   5.0752229e+00   7.0000000e+00
   8.7000000e+02   5.1974523e+00   7.0000000e+00
   8.7060000e+02   5.3200892e+00   5.0000000e+00
   8.7120000e+02   5.0983078e+00   7.0000000e+00
   8.7180000e+02   5.1231436e+00   7.0000000e+00
   8.7240000e+02   5.2331147e+00   7.0000000e+00
   8.7300000e+02   5.3140407e+00   7.0000000e+00
   8.7360000e+02   5.4142489e+00   5.0000000e+00
   8.7420000e+02   5.1630184e+00   7.0000000e+00
   8.7480000e+02   5.1558368e+00   7.0000000e+00
   8.7540000e+02   5.2694099e+00   5.0000000e+00
   8.7600000e+02   5.0618794e+00   7.0000000e+00
   8.7660000e+02   5.0755864e+00   5.0000000e+00
   8.7720000e+02   4.9264421e+00   5.0000000e+00
   8.7780000e+02   4.6555860e+00   7.0000000e+00
   8.7840000e+02   4.7986967e+00   5.0000000e+00
   8.7900000e+02   4.7169758e+00   5.0000000e+00
   8.7960000e+02   4.5299401e+00   5.0000000e+00
   8.8020000e+02   4.3894770e+00   5.0000000e+00
   8.8080000e+02   4.2821272e+00   5.0000000e+00
   8.8140000e+02   4.2143394e+00   7.0000000e+00
   8.8200000e+02   4.4204047e+00   5.0000000e+00
   8.8260000e+02   4.4576166e+00   7.0000000e+00
   8.8320000e+02   4.6236102e+00   5.0000000e+00
   8.8380000e+02   4.5857978e+00   5.0000000e+00
   8.8440000e+02   4.4549096e+00   5.0000000e+00
   8.8500000e+02   4.3195930e+00   7.0000000e+00
   8.8560000e+02   4.5164427e+00   7.0000000e+00
   8.8620000e+02   4.8172517e+00   7.0000000e+00
   8.8680000e+02   5.0074772e+00   5.0000000e+00
   8.8740000e+02   4.8765091e+00   7.0000000e+00
   8.8800000e+02   4.9315544e+00   5.0000000e+00
   8.8860000e+02   4.8108150e+00   5.0000000e+00
   8.8920000e+02   4.6119349e+00   5.0000000e+00
   8.8980000e+02   4.4306809e+00   7.0000000e+00
   8.9040000e+02   4.6404852e+00   7.0000000e+00
   8.9100000e+02   4.8893062e+00   5.0000000e+00
   8.9160000e+02   4.7877988e+00   7.0000000e+00
   8.9220000e+02   4.8478245e+00   7.0000000e+00
   8.9280000e+02   5.0347254e+00   7.0000000e+00
   8.9340000e+02   5.1833846e+00   7.0000000e+00
   8.9400000e+02   5.3032329e+00   5.0000000e+00
   8.9460000e+02   5.0961505e+00   5.0000000e+00
   8.9520000e+02   4.7788390e+00   5.0000000e+00
   8.9580000e+02   4.5926698e+00   5.0000000e+00
   8.9640000e+02   4.4283127e+00   5.0000000e+00
   8.9700000e+02   4.3124731e+00   7.0000000e+00
   8.9760000e+02   4.5312844e+00   5.0000000e+00
   8.9820000e+02   4.5328677e+00   5.0000000e+00
   8.9880000e+02   4.3902215e+00   7.0000000e+00
   8.9940000e+02   4.6004448e+00   5.0000000e+00
   9.0000000e+02   4.5502870e+00   7.0000000e+00
   9.0060000e+02   4.7022004e+00   5.0000000e+00
   9.0120000e+02   4.6431237e+00   7.0000000e+00
   9.0180000e+02   4.7728785e+00   5.0000000e+00
   9.0240000e+02   4.7145776e+00   7.0000000e+00
   9.0300000e+02   4.7893020e+00   7.0000000e+00
   9.0360000e+02   5.0319026e+00   7.0000000e+00
   9.0420000e+02   5.1703181e+00   5.0000000e+00
   9.0480000e+02   5.0076190e+00   7.0000000e+00
   9.0540000e+02   5.0433988e+00   5.0000000e+00
   9.0600000e+02   4.8560082e+00   5.0000000e+00
   9.0660000e+02   4.6502671e+00   5.0000000e+00
   9.0720000e+02   4.4680101e+00   5.0000000e+00
   9.0780000e+02   4.3436590e+00   7.0000000e+00
   9.0840000e+02   4.5516456e+00   5.0000000e+00
   9.0900000e+02   4.5261264e+00   5.0000000e+00
   9.0960000e+02   4.4069951e+00   7.0000000e+00
   9.1020000e+02   4.5966543e+00   7.0000000e+00
   9.1080000e+02   4.8649357e+00   5.0000000e+00
   9.1140000e+02   4.7631404e+00   5.0000000e+00
   9.1200000e+02   4.5412857e+00   5.0000000e+00
   9.1260000e+02   4.4107201e+00   7.0000000e+00
   9.1320000e+02   4.6288834e+00   7.0000000e+00
   9.1380000e+02   4.8396495e+00   5.0000000e+00
   9.1440000e+02   4.7542645e+00   5.0000000e+00
   9.1500000e+02   4.5742667e+00   5.0000000e+00
   9.1560000e+02   4.4181856e+00   5.0000000e+00
   9.1620000e+02   4.3120759e+00   5.0000000e+00
   9.1680000e+02   4.1998617e+00   7.0000000e+00
   9.1740000e+02   4.4646597e+00   7.0000000e+00
   9.1800000e+02   4.7678145e+00   7.0000000e+00
   9.1860000e+02   4.9598014e+00   7.0000000e+00
   9.1920000e+02   5.1563145e+00   7.0000000e+00
   9.1980000e+02   5.2811462e+00   5.0000000e+00
   9.2040000e+02   5.0784123e+00   5.0000000e+00
